25863
53672
66561
5324
88997
31484
223339
17583
37000
124177
395141
141661
636
36167
49126
37733
15489
21463
11335
2548
36069
22992
25087
2876
92165
8003
75298
68339
45666
185853
9544
25334
12476
41837
110178
3314
35059
20516
7104
5241
105391
3736
79670
42678
1561
132659
23638
3550
3096
2234
31462
24130
22133
10078
46506
53218
135850
67970
32397
11710
89294
25379
9334
21197
68192
34609
97248
2949
63737
38260
25427
884
11527
4662
20356
9747
15794
19742
31338
28996
83346
12151
30370
500
55111
50412
28121
15551
52712
50205
108225
45110
71174
23986
54714
11351
19525
33888
5204
55332
--------------------------------------------------------
Der Durchschnitt liegt bei: 44775,770000

--------------------------------------------------------