162475
1319
5369
14899
18326
46725
10348
9488
49898
97458
12086
66594
80705
33969
32092
75443
7342
100320
64319
81863
2621
21528
40066
41756
108888
41263
39051
32753
56336
22457
80069
12363
24170
7245
127723
10036
5489
121508
20351
50636
13887
18458
43995
98551
76950
13920
27510
50385
17652
33702
11816
95967
100130
43691
32190
27313
36694
221685
110601
41703
13178
95750
45855
62858
2792
960
105818
25404
22231
86754
6268
6485
39271
70440
11499
85282
1969
39883
84217
3521
75369
38655
96138
119249
85714
13652
2767
2434
25902
33011
20384
45580
8902
77859
21665
6902
60428
14647
61709
62544
157636
80786
2830
63736
198430
18277
81174
18513
56119
64340
24100
28061
47355
12129
8012
22386
67357
7541
7268
60710
30869
57327
197865
39396
43131
18107
49749
37656
1639
85064
30011
48159
78101
74796
3278
98246
39769
7311
16189
66485
55998
52855
142487
33908
182487
54870
24351
144127
197
1519
5025
23836
9214
19297
18043
28720
1651
5466
15988
13615
197080
171520
114813
5426
111061
51869
55368
83673
3410
130
62388
7914
15152
42436
89782
22304
29769
179391
4832
30021
60986
22083
14578
13056
15766
83692
6869
75829
29038
18483
76485
11403
57547
103481
3479
25864
5207
38589
4727
56609
102824
37038
93775
46111
47838
11672
113272
40517
5815
143718
17326
5287
48779
6078
6755
102911
74546
77622
26159
28131
808
48306
2842
41113
695
533
35410
22403
7539
2765
46337
30581
48162
92001
87564
125264
6062
29870
35507
191230
136803
18851
13518
35273
21332
223277
3644
3003
101840
61795
63781
40139
20675
101553
15442
66647
95720
111153
32486
40868
38923
95511
34067
28233
78372
153399
62856
38370
43760
52160
6936
58326
16943
62975
13998
4205
45822
89737
47417
52742
37800
15751
94014
75301
36257
86284
9897
77225
11239
19331
128059
116971
5304
19116
49191
48933
19432
80522
17962
9952
167566
18406
28812
108543
32261
50623
46564
40015
189316
130898
93959
23826
30405
49024
65377
65484
17149
14743
28680
72226
4407
8750
20533
7426
81189
42857
162209
27114
44213
23936
77170
99151
103985
149740
49045
17011
19668
13367
132053
6205
36047
34954
19248
75213
98994
36589
93306
2251
16146
35786
13221
177143
6179
36379
4390
97677
22300
61232
5885
5518
182697
21766
48763
32287
47705
11637
90287
28052
80390
13316
10735
114413
26230
27031
14146
8097
60795
129435
51098
13812
23237
58688
61803
33267
79061
65954
20241
4511
57441
8389
23884
313158
17670
127566
35132
53277
12960
25280
2804
116378
255
104242
38203
24965
48557
11756
62310
62522
22883
123325
28802
39604
15500
63556
19871
95579
63029
145800
64508
32980
99691
11618
587
69795
91343
29898
116598
50601
53512
38102
27699
10107
65223
59740
30181
23220
35338
31369
30564
11342
4929
24461
935
25186
23654
75839
45766
2987
299427
714
90813
122424
42756
118067
105774
54863
120346
38554
172093
16549
170602
226214
53795
4165
13821
17394
15540
37573
17331
71019
884
110467
24658
52573
48488
34106
51415
92588
74673
94232
12955
47775
6110
10632
2336
4145
41389
34077
57634
197593
5854
22014
44177
144127
78607
77525
62772
33800
47806
89866
35587
127838
49434
78086
4556
38674
29140
119309
31907
76231
34349
49117
82781
14000
39004
15720
39211
183061
227278
3391
8815
69825
192634
8508
47215
224138
5792
136689
81617
33677
193286
116014
54433
81795
27550
37086
18848
47639
23453
3524
93384
67425
126807
24865
125579
71308
33985
9127
98126
81048
185964
103748
91917
71649
143135
42567
13834
63809
49078
84901
34010
36908
62413
67380
252303
84247
90795
30267
47180
8649
3200
49520
274644
47005
12535
19353
19838
77769
13489
69098
22258
42085
54444
102032
98787
2087
201401
205587
244
94568
42399
36049
65077
12364
66544
21021
21881
40995
23935
57620
7462
35201
12483
125716
19364
15256
16705
131954
26560
44437
32235
32586
101122
7950
88150
40194
66342
44419
21509
83258
26010
159790
194219
982
19360
72939
31862
79620
6956
112684
18119
61173
34694
5130
42842
26570
31516
419
60627
89469
63897
34911
119777
58805
11917
114830
2589
26341
10144
29769
19
124296
41459
7734
7093
26413
24161
101695
83931
16706
34299
54947
42216
21500
12413
45575
40963
25236
42925
56252
5490
60264
10698
965
12769
30530
179022
239124
117436
41411
16451
167145
50391
127914
17848
106117
11143
30134
59884
94971
29348
31895
20053
49110
480
4374
6457
8369
197157
120047
8606
88686
58793
262136
69904
8138
123423
90777
27711
112707
47372
33708
132971
39819
77575
159108
629
18369
6565
310740
15887
95904
56274
7092
24686
37771
44542
24722
205243
41753
32559
43647
4559
12095
262192
76925
61397
69540
274290
98493
7702
313553
22803
33461
13007
69729
187733
14415
60887
16332
84967
91670
5313
2558
37568
5903
85353
13926
981
136
63587
179021
28309
18178
31266
40929
53955
3056
56514
6448
29376
170088
7594
66906
9285
92655
57606
150038
7751
95010
44930
233280
104969
18008
13894
52290
59690
12792
14802
138
3503
7118
31728
70007
117729
99665
75951
14372
95243
23707
83673
25991
68095
3158
34506
15591
8368
70823
9484
24818
100671
61609
38285
41916
142460
33737
18927
9435
9152
30462
401
2154
24756
68275
12000
4387
71805
29402
106591
134652
19569
826
98519
54940
70394
60485
4901
39483
9484
42057
57501
35876
227
43925
31112
98219
67384
22330
42620
8598
26158
121147
68458
50005
45589
33790
52281
27785
51786
40330
138129
42586
24646
90701
21159
48388
87965
88471
88623
14543
16269
26661
16474
16484
94613
45002
129861
70467
7123
56943
110835
16647
5932
27364
34885
41723
15136
16095
10323
22522
19686
17478
19318
94668
38233
21135
58474
37792
85471
74625
129592
31241
56355
14688
101841
38591
10880
12358
14052
112815
39514
28164
28067
21808
57475
64585
48561
11888
27259
119718
20996
69681
114765
52347
104348
127258
31733
43121
152
64813
67707
356698
16868
7388
10343
64173
58858
49631
218580
9811
142429
31204
31011
26861
36648
88418
38318
29267
14585
16666
69888
65166
13585
50597
23068
50492
35348
34413
35561
88159
77951
79329
14492
66219
10275
48512
15005
16914
14700
98398
35335
32517
85146
17972
148324
33479
22194
46418
4678
66939
35442
34691
1837
64066
61582
107632
4218
21556
178766
140167
56867
17373
145282
330451
30026
16323
1283
27402
22715
40250
25602
8895
15722
28114
9982
86049
67261
16029
43422
15005
161069
115297
54760
93783
9631
2596
23996
7675
3286
37145
99740
12909
1688
7332
56394
30313
59871
64989
4911
304209
6232
7139
52622
20738
97807
2659
21166
26634
108265
123246
5925
65996
5395
85582
103026
29312
50896
12179
401
7358
39974
42856
94296
21675
42767
25999
46477
24428
259577
125031
56260
144628
11189
25717
8564
9797
121723
62851
34956
10176
8334
920
11704
92139
77367
2908
42864
99390
12087
53071
198100
7471
19631
38368
91951
13443
71762
177050
39802
65414
54556
94445
48441
193147
55086
19240
122159
3437
69962
32548
24414
57215
55423
7998
9415
177782
77770
18511
43525
8078
53589
15680
10736
194627
4070
35073
8106
255458
8481
92669
12307
118882
13933
49214
17156
51649
59901
9602
4962
45193
29290
140333
16063
34293
20689
87786
11386
1480
10346
67716
4546
43574
32507
41725
108864
25290
17158
7559
27129
54288
61636
2958
65423
43228
34005
32698
17846
2821
16304
168659
74711
131959
9567
196301
44112
14035
26719
17440
35631
56342
24902
275643
298661
13753
3024
216268
16004
111780
121823
45699
98315
5709
149035
88251
23056
621
61263
113670
109068
98317
1411
52437
40119
237794
51845
131428
171643
25107
80515
182282
5122
78082
8078
104040
27182
12329
8417
63714
78035
10416
134002
26095
46479
37464
81030
27473
206491
102400
79021
9877
68964
177529
3180
34165
146699
21403
21408
8898
108068
104343
58580
23910
39372
36217
16997
59183
69343
90064
55805
30439
29556
65094
216950
61990
41484
12858
25568
5373
783
72359
72516
2597
65961
23408
73027
93616
111193
15509
97092
12972
57039
37070
54704
66453
13183
31799
84239
682
164333
11453
161211
24006
39778
38971
10417
1661
11482
3056
32680
1887
109394
97149
13691
81065
188265
9081
2292
122039
58480
6191
76405
1278
2688
113483
55092
49018
18191
85884
60461
144695
126568
32452
82903
69447
4994
15117
68165
37695
181677
32755
8313
265637
33590
2146
3036
24429
42200
32142
1157
11965
8888
31980
26398
45157
13688
2926
18542
18531
70436
149436
24415
31160
33703
41266
26456
49359
33476
127285
18150
23128
37429
126135
176909
45490
42635
105220
57627
16772
1599
56255
79256
29901
17654
79980
91994
559
17070
88966
117151
190698
164839
28878
68167
76368
181030
14073
13157
13345
51423
95767
133574
6602
19750
36040
60226
12220
83497
5901
183662
7152
343025
33183
138662
13360
8138
164236
1787
148359
10996
49280
155835
4904
57321
74895
42169
33490
86688
85801
48623
115139
59386
34782
39992
17566
39086
13668
13872
125725
103640
87924
79465
14575
109001
8720
182580
61274
25301
37940
30371
59679
23204
20586
53150
132252
11577
31258
38739
2824
92793
105480
59121
13823
67747
58868
73183
34096
119275
103226
159613
35182
169610
4552
49932
173166
104197
115408
114257
36830
163823
34737
3315
92847
11114
153478
72276
29762
44322
114120
43931
62792
57944
38452
59834
103537
107817
53562
112461
15783
13422
18411
39714
8369
36632
41174
39128
20471
44878
52415
30397
54939
98212
16049
17158
10688
109420
5917
120660
82588
43168
32317
14459
102139
136069
25923
23477
21805
37643
136127
31917
8300
39716
98527
20217
16691
8472
116081
40
2437
22845
53693
7317
33070
112109
68851
172497
108795
116582
143407
12875
7242
55915
97057
73103
76982
84079
3422
78207
101438
57589
38946
5114
19444
74027
101130
48107
50816
18594
69246
209666
24251
53103
12884
8444
29767
43785
6933
50249
43204
23760
21763
34740
4076
103572
89404
1084
125349
15074
27617
37435
79431
73073
19932
126782
9044
168304
30116
44240
31307
163318
99946
14281
10786
61519
44663
64729
38860
70261
112384
180726
62829
82464
111798
61361
38877
31180
26398
113790
155083
17667
23049
9979
10241
35157
237
18073
4932
218448
69341
8023
19254
6963
80113
57316
36913
85290
15541
134815
18930
137443
193462
13079
272861
85604
123397
20644
14181
1971
8270
119062
26125
69954
108001
1090
123525
78698
70804
82077
142249
60553
60489
50391
434700
72170
33662
26332
18522
39126
139040
126350
6834
13409
277892
94122
25322
57544
4917
92578
19640
119862
2603
20154
133887
113273
3027
46189
162937
148977
95925
3048
95281
17917
42134
58165
5730
27564
64276
25335
30149
25321
154737
24235
47643
54442
1419
659
114997
35753
1938
32028
31465
51378
19527
4912
253423
49108
4644
23776
56338
80473
73899
65648
12738
18225
34806
70707
4169
32211
25086
20262
38987
9962
69383
51969
207474
55525
8605
3640
32015
71675
40872
227
31833
30017
17316
35262
30982
6958
185746
84271
62035
94478
155852
53130
25823
12247
41549
24420
156453
46327
24333
1508
231853
45036
3100
12606
81860
6697
23297
48275
58919
47055
20306
158998
13109
16966
32961
18720
19614
71961
42007
53211
37738
39872
20479
24583
65360
92300
23915
82069
4474
5494
74948
27414
21360
45208
252321
606
78985
54758
169773
63520
26553
180709
56588
48776
78549
59166
16046
16853
1504
35990
108423
34647
143368
420
51065
153689
39816
64328
66477
4290
86355
9658
11639
42266
96905
95272
3036
94809
2495
66196
2309
224407
16109
14681
30055
9915
28336
101966
35066
98154
20406
92884
100983
83579
6079
16726
7025
85110
77027
69264
51651
12870
11312
124998
12820
61780
56283
46468
158578
76795
66613
66952
32454
159229
13784
215291
91915
6929
197701
12115
79868
2143
36921
75298
60709
10768
56673
23530
7102
23025
45204
32057
53284
70606
101120
21832
7003
21747
118954
22874
62161
10646
38768
192356
160685
67268
45109
24881
134777
246729
16228
120330
42826
137941
20920
89177
35004
17880
73254
84087
95322
61433
103002
15797
82008
11688
43089
138262
91511
54836
198730
108687
19692
802
24820
15030
20132
12725
38544
11938
60347
24434
85301
2178
149132
1127
150313
46580
50045
19342
29653
167269
2383
73670
63673
82298
65225
59958
139330
68562
148416
9152
21419
19028
8471
14745
39355
10175
49240
89401
31312
37500
23777
55594
150018
26921
1063
37018
86933
105746
4126
70351
19887
132446
15443
16921
4542
7285
2155
33209
85575
16147
58762
115009
155655
33203
50147
65708
17610
25226
8645
121634
16924
26996
11287
129723
73126
23563
29042
44894
7407
50495
17558
6236
65057
10325
25786
72440
10542
49371
9090
1870
14742
57679
61827
40839
112504
22685
27836
94560
10940
77922
19124
21601
45966
12889
10735
1376
82073
23406
63960
9800
22626
88797
31409
106724
37025
8890
15015
30133
8830
82750
2641
95633
77716
173330
6879
4053
28226
3096
36838
9686
18259
397
26526
72763
31197
141165
105613
39220
409
15696
36513
175105
42850
20152
21458
123799
143947
42162
160989
60605
12965
2016
74500
7111
69495
48891
47938
116092
50721
33500
58097
105151
22573
48371
22317
63950
29542
12161
89002
44244
13799
90817
45471
7058
20894
31684
49177
3225
14437
9950
67722
52609
9656
48638
31026
4818
34878
12186
61
7820
32778
11760
198938
1412
27147
101538
96029
4394
194900
25416
21146
89387
25449
146415
6024
37829
121970
1931
97526
119977
115676
11131
42616
23806
17675
46152
50491
33703
19858
17321
9891
207129
10466
36056
254456
18808
33714
90773
5274
343644
3061
13409
57875
29578
120746
51175
18543
145724
31800
48365
37004
43959
41076
30003
124340
67834
154272
102399
148170
103239
72961
144806
10647
110216
119017
13753
17651
42396
25620
31626
77216
17503
16554
17132
106849
25384
2972
42850
33885
79099
7177
72300
74645
30
131731
18100
38643
11701
11236
26056
15376
39781
152643
18673
1950
103469
33455
276971
5050
52286
44448
72664
14791
78422
24281
10658
39113
54134
169026
99286
43904
4418
31211
15772
18038
25466
58899
71208
44341
147
489
3272
19094
24211
34295
61868
54712
16421
21232
15180
169598
30179
15100
99105
7971
47317
45560
3791
42534
75365
28452
13744
130177
30001
53850
44754
31926
1418
62407
3255
13272
5611
29201
13724
11006
44760
1996
50916
142606
45309
22012
328606
90595
44478
65089
20732
13124
34454
45345
88301
66702
7661
260155
141457
29204
10312
34337
59304
39202
11182
67412
32351
17342
126259
15467
21705
442
70204
6428
27279
47413
39524
11009
64601
31363
15376
20178
96819
8683
3287
49371
60006
327209
9622
54212
318211
36984
17794
31895
63391
122851
73251
94784
28280
4764
50074
19635
106468
24076
6401
167925
25682
3060
58547
81698
5303
15439
8798
39700
2212
40139
13976
34756
66938
88074
54581
81144
148510
38784
57482
14425
5158
9543
42475
33816
11444
2118
83028
5339
80368
33612
109119
36827
25239
8755
15910
133277
45798
67297
21204
129009
140454
18646
27815
88025
20435
81141
166536
29717
60323
38160
48501
68039
38280
17550
18285
45233
57272
24884
135695
101052
77299
8168
6821
77530
72486
22335
62542
269261
135463
29147
160166
181781
12176
110503
60974
18564
30195
4213
70766
68971
857
49631
12434
45249
10815
124764
11325
61640
12151
48272
17924
95
165749
45978
28403
22873
55304
152391
3702
13223
40026
62750
77639
311427
27494
30274
26748
123507
52811
42202
44021
59681
83554
28193
39642
5462
71845
147762
3238
60769
89295
31167
92249
52021
8896
7630
11955
53031
112668
21847
33961
29153
94733
14009
20714
56832
77507
46716
76981
63457
104031
10016
5794
126134
15990
23642
13133
29989
35383
13174
12022
76514
18943
5624
1828
193766
35265
42081
101765
7366
55323
98834
119558
49589
10360
7503
74788
16384
113988
111206
296904
69801
40446
4378
28021
86455
36366
111065
24459
292600
21340
85127
9528
43208
81158
44905
14041
127164
74839
92893
3308
17576
76735
71663
94977
19404
250730
30747
37823
1629
32726
13372
22934
6997
2140
6545
29052
47976
14901
17195
7448
43014
6427
25837
16528
78534
1333
7757
21792
27216
35929
3870
132316
231592
16711
32812
2090
167468
100158
57050
12578
60384
277254
94360
13616
49739
165883
3061
3743
2996
31355
49576
9619
28954
57159
24872
4827
10028
128296
74507
23676
118280
15108
58022
165985
95815
10355
55187
20983
31124
109855
7301
82819
8959
28282
15490
34442
104270
7344
116662
40440
66377
27135
10456
76741
79253
69026
71444
33185
104324
24487
53497
49655
65918
14037
9907
14204
36036
3557
12930
77024
2667
2520
38633
31508
68330
27030
193090
91603
104904
34667
19567
109066
81379
8838
33836
6876
114111
7010
2811
5495
16433
23510
23406
7540
24605
16583
40298
29931
13456
22270
1843
2551
11658
25373
42609
57645
14760
39604
51051
58720
1112
123696
8451
83239
54106
15025
9253
925
13517
79890
61571
17450
15075
76270
42890
11142
38565
24919
34899
12032
117252
15573
9229
92440
56884
25887
451
14845
125676
90996
158860
52803
213480
25174
17944
81830
51138
8619
5859
91859
48741
43988
31212
59685
10099
92264
38518
79184
94150
12540
29264
64165
4185
130439
13042
203972
17860
67542
9808
44363
787
123595
65496
55654
3410
1476
27304
153974
8238
57640
14263
8635
113967
21891
45847
59199
67354
160429
112669
35
3891
352
19052
117022
23756
1281
16813
785
3605
7156
205
43800
10092
145179
126538
3922
14464
112085
18283
17334
20039
25721
11711
42671
82723
27002
29352
48517
30133
9323
80080
49014
130925
6430
7373
41761
14164
23427
53015
35443
94871
111810
19451
71817
21934
9727
12779
51629
25030
297
29422
10568
92458
34670
24139
44771
35252
167052
68187
1951
180286
41467
36931
670
25436
11820
160027
1542
10332
14749
88827
83544
15611
15839
21795
8128
43246
5455
15552
55954
27697
36150
16171
76070
18714
122636
29636
26206
93459
44127
82178
27973
34802
91405
103481
64222
88980
2986
19972
51798
57424
187582
46049
6759
62007
109834
42897
50821
227259
145449
78705
91600
28797
64687
90715
52138
34672
38822
86417
41241
42469
2229
18781
35796
11907
51751
25760
223459
46655
46717
17533
24118
44903
58002
99687
32733
51963
29410
5779
93783
56360
49118
20729
40263
59691
17140
87866
91956
6679
81433
278881
76280
34278
13842
6745
127507
29738
23278
23307
62783
4175
77879
73316
35129
29395
20335
40217
60204
7089
27657
188566
20331
2717
53844
24172
3250
82001
874
20534
6516
18125
6903
92868
50385
17297
91997
18315
24845
39316
1238
91160
3873
19068
952
4105
33624
78340
125311
79706
20334
45996
12716
49221
48090
171973
106411
106405
5547
2070
179743
20795
101035
114727
189067
14147
4854
107295
11337
2381
3646
6741
134867
42183
37891
35052
17271
132928
323102
22809
51135
11133
10719
33317
48096
39535
75206
29408
72160
1054
95881
6152
5555
2985
30354
372168
3770
83768
21765
16332
100870
36085
4216
7533
72726
4128
24517
20490
98953
43307
70640
39317
61492
25433
26628
47119
36384
1252
59672
28451
13768
81728
40284
174956
144895
58509
53566
52669
22588
2708
52315
21908
36902
12881
115887
88076
84603
53196
86672
62232
18421
6599
10406
155506
53071
45959
1350
73957
8911
9278
33752
23407
53901
14610
9341
57589
62586
25304
183650
103248
68701
50593
142587
15742
144595
85091
8597
8888
61540
32068
85461
219107
6789
14733
5931
67906
32100
33424
46275
29956
40428
62963
31323
168203
76021
175783
45184
84719
35190
30954
16430
152645
23436
104610
200489
373
24743
9468
59759
5637
63117
2776
44543
993
128089
63005
34634
64799
150721
34287
46043
40878
17259
317137
42696
25324
13790
84368
69549
86950
64484
121404
23572
42835
4709
38427
75933
29390
51904
100048
52386
130761
29604
54487
56089
113349
31306
105087
71141
255585
8139
91771
39135
58118
121904
13569
27773
46353
4121
845
76
50453
38051
77882
43077
19258
32602
28195
31160
161493
99689
184520
160767
68051
78613
40214
47422
83915
104431
84751
20800
136631
5460
93255
6192
1165
12266
7803
10351
26644
69134
40686
64053
68986
92258
78307
28875
29560
33787
27924
157357
27905
50257
26686
119952
89618
118431
67533
113661
17381
17823
70498
90083
66773
2323
43563
88753
44355
88996
16338
142165
42172
8052
24954
33871
49903
29643
5046
5009
37470
33743
40747
222035
51557
138784
50519
64609
54869
132336
20905
9078
40266
94773
245942
24085
4436
14345
10083
60370
12969
31729
46076
7151
77479
490
96945
13379
58587
100608
31069
34959
111982
30840
10527
21611
7033
68883
84925
9953
35209
44929
67251
103993
88212
42547
109604
18184
29020
16848
29030
11147
55678
46466
159663
40614
47475
58910
149497
9045
22882
63395
14916
11674
38917
55297
28625
3562
67957
16726
34860
7145
54118
1265
43298
39772
12992
54344
63464
49945
61719
162453
38323
2076
57594
48470
27684
78954
44468
19654
10783
23425
52247
87053
705
4733
52502
34563
3252
53966
9407
18878
18373
46524
15714
21115
247191
62674
94001
21766
131065
40981
113439
136043
112848
3358
63503
8270
42360
517
88497
45557
9925
4558
120047
37220
44081
13611
66561
29499
23042
23704
16971
117676
6205
13037
26095
74649
9065
165696
15851
21123
75583
18346
31434
12495
85523
48091
84378
4272
125612
48117
44770
234086
18781
5609
48197
67205
32169
8050
180090
17811
4307
37759
75138
16967
39599
30750
47992
431456
53188
144224
32387
5667
74756
4747
61893
71787
71211
23837
26836
147882
35603
22040
4480
67688
70
19898
46465
146860
39239
1447
64804
3153
26628
46071
86639
32497
34624
759
109181
39643
6842
98590
38277
113067
56450
38030
18015
31053
4094
152961
121740
105012
71003
7356
28185
38030
1610
30343
18756
84727
90024
31451
121381
29468
5766
62288
13084
153516
18243
77332
32572
29218
72962
79239
37147
33568
48278
36763
263535
44228
43990
161659
9906
39737
53065
29096
13993
29545
43783
37529
53163
141243
26041
53598
49134
41031
21861
36738
77995
31826
115849
33850
42474
102519
75536
63308
44205
115988
9602
2513
15499
22231
51484
26219
33606
23403
4919
20905
9226
43010
23286
62293
102079
1974
14242
106685
21123
75361
26236
29084
14532
6845
24394
17797
48436
59806
71340
43629
8267
65544
108034
24911
53705
89141
11534
9170
7022
8875
3344
16874
85026
64178
939
45608
19894
8371
266909
40916
70343
12523
54726
116959
70396
6403
11166
39105
14028
137966
17597
100298
53293
86007
74515
112466
43690
81699
57845
28386
5955
23534
213904
30196
126788
22234
2506
31640
73718
14109
134544
12296
147553
1691
22535
40656
17673
1449
125798
134022
63092
17695
26669
37539
75132
84378
7481
57862
9415
63299
13098
9127
21326
22589
50525
16427
59692
7042
17328
3708
37292
30819
91753
3116
91646
68011
81207
5057
66596
170390
82284
49003
196982
607
20376
266821
9073
1110
17507
36409
88618
59212
211038
67894
69899
45109
24338
66381
82348
1667
43914
16425
43434
52567
38399
19306
46083
80444
46793
113807
72068
62580
27458
38724
33564
29298
60809
89708
86107
19250
68636
50802
69388
35447
11116
90589
1117
66589
54932
73406
3538
155899
63813
24148
109499
15411
66772
29718
3632
27577
131069
44979
51440
11310
23226
41093
12081
36874
72420
30463
140489
24957
105002
861
4432
13524
26444
26873
47359
211730
10157
72311
56924
123320
30501
201664
9998
110526
19164
6617
2896
123772
75330
106027
12545
45393
40498
70075
4015
90715
116498
61580
1341
10849
36616
195364
11465
647
85194
28371
8753
124267
134397
98
59101
106897
95423
23415
26129
64529
9328
3397
25240
27019
94003
37319
15314
34269
46745
48571
1981
27368
9691
151403
15612
37292
46014
146895
3279
176805
30965
28094
67319
23231
116401
1321
20504
10314
17280
20251
5995
10791
63471
85199
28562
62351
85121
2586
39593
28483
74932
9870
80529
63607
54113
122437
72966
2791
13646
18195
22504
34396
85762
114421
53005
64154
40454
14659
15452
8770
81030
71957
10333
7615
59498
49525
27073
378286
19740
57374
29994
56770
55477
28211
56248
21448
51942
11369
26329
127289
84125
115530
81204
12952
21056
31930
39960
14147
58571
75506
9348
30631
39498
93279
9631
62666
7401
25794
32167
51849
70324
6446
11898
55033
3317
3096
1755
53874
2074
12228
41063
31343
4221
27921
20715
74546
11107
140506
380841
10922
16453
47238
22895
30903
89710
87271
17408
17276
46502
78029
37996
9649
57282
28734
5845
84637
37446
261557
220321
7687
64778
68737
26370
130267
158295
16547
158596
18082
63424
1542
23290
27644
45436
163176
45599
113300
9569
3528
13959
2296
238042
11657
30234
10943
117820
6676
56401
34243
104218
17492
30730
8931
103801
88301
8299
29789
29030
46849
38397
74384
25461
51092
55858
31982
67449
17437
24614
93167
144060
275614
60737
39228
47950
3722
27359
23378
28273
21183
6241
63138
10628
26492
18690
41546
69170
17909
85975
129264
60341
2541
26088
146804
48385
70991
92992
11834
28182
31737
41326
96959
94144
104984
43338
12402
32219
1097
7092
156993
63317
44287
16522
275745
50382
113036
31053
14736
47589
118981
17059
10581
988
219368
64373
89817
10687
2511
140750
24325
13856
13458
76270
16034
178007
58065
133919
43465
18258
62528
18042
36073
63115
74757
69618
72446
73595
5210
37670
14416
105456
51453
36758
32675
51090
13028
32099
36946
64026
95362
93489
9984
12302
7460
44483
44632
4242
46465
26037
20690
23381
97608
18088
133431
75790
2030
59546
156355
146779
37430
411
11283
70566
32198
1105
20990
259778
23777
33071
170864
117662
112679
907
3777
4957
13336
73518
5198
110282
119382
153617
779
44377
6746
65680
22247
3493
184099
86546
7843
42211
27040
54482
75
8779
17029
131328
95577
71328
28993
23645
38284
65101
21833
29942
88968
56319
116955
138180
67624
1945
44618
18112
48389
21579
52318
5101
54737
277566
34765
4359
23926
40635
57894
173229
36138
50494
20422
5680
28642
13307
185218
24676
12010
19440
132130
147214
84740
124240
63052
38665
47111
12597
140051
58207
6520
6081
57286
30279
8978
5561
12017
19133
26445
36378
102063
24838
5597
28169
11353
50059
53721
178446
28233
4681
69908
30801
24475
60304
55691
8506
119427
93019
251081
44029
172407
57677
19125
246787
8591
30091
76161
97366
4809
15143
36756
150488
1923
2584
2862
15817
35939
16056
5776
64955
21235
3925
26031
168344
38595
53640
132158
51421
8178
98524
3935
28897
75986
90394
88700
60300
35360
58241
28356
58913
181411
3901
6047
66189
54264
77784
5355
1686
13735
56820
83124
12445
28531
107478
13493
51508
71286
16542
38342
23657
28169
473
8738
164204
53614
29525
48785
38315
112906
22369
79183
110059
10587
23000
14978
6737
11984
7404
58641
60328
10796
25879
20128
6099
179282
18969
135659
102592
1724
15277
66863
54532
32505
86437
24553
108212
218131
15222
135977
72420
16341
80104
8127
81366
2192
7268
150377
46922
16645
115023
134084
69449
5639
8553
178390
3935
76092
7749
5280
47868
305091
138379
41421
140901
59810
1546
32260
26856
631
183962
573
151103
38481
105804
89318
157154
309609
130804
81086
11464
80676
50140
30685
44907
67075
39709
9583
74397
2501
1546
53934
216360
5513
33966
2557
9819
15326
42059
11848
45143
40175
2662
79467
41132
42482
15703
14637
4118
10119
104907
29296
11160
270
22293
40967
49522
1612
39239
29869
31747
26437
11935
63155
101395
33568
70380
223244
18678
12686
42041
65489
3941
2181
64744
298978
1818
68462
73985
31937
5276
36249
20857
14858
65938
58564
46564
32301
29419
23052
92761
43694
31130
1234
27401
147923
82109
63789
144962
97776
51549
2517
18428
63893
11055
86519
44015
12197
53847
70913
110391
122065
83203
58910
130383
21419
93042
23109
159684
74371
27291
233
47141
40535
8978
52697
7714
49894
4251
220849
17924
124584
254646
109486
234
5926
9381
76489
110049
16328
45246
1675
163767
72695
3372
21323
72837
56581
35769
10571
139852
17045
69809
65983
46956
29002
26913
3719
3128
74164
15285
6031
51774
1066
7150
32810
34871
46741
196745
42793
88036
103070
76085
56477
36604
242234
11188
77346
34942
40527
49138
14080
39653
79967
2922
3422
65462
37295
131795
22495
3192
25766
25514
11470
72442
11350
30526
8444
22479
16926
18540
18420
99652
17413
85895
13287
22561
15323
354
1184
37645
16521
4048
54935
5216
109043
6017
43175
5778
34477
21233
40229
2374
32405
76632
40240
59921
6004
73693
34481
37421
70902
34048
18016
11562
43213
88499
31010
63552
52250
30291
21142
2913
12496
38302
148468
26908
31843
124362
78504
15906
35583
7980
109605
12456
9813
25424
25930
31715
52696
43727
12860
21463
10690
30724
171687
137428
142937
193616
494
59443
13129
117589
47737
128198
14081
45997
22636
159121
45009
40933
16589
13400
12769
208068
38970
92210
142815
25659
26911
23825
30799
36822
47393
44605
92608
294350
4565
29292
24470
223274
77435
81094
7370
113244
15984
59317
44155
5887
14406
21368
3957
4015
58862
3921
22848
207280
123738
6779
10422
6992
34514
72118
78200
232311
49898
29829
6415
8043
95905
52199
9360
24180
115676
16238
1972
25712
53717
45748
11365
115183
9864
22849
36582
37000
6525
469
15030
10668
45195
16997
122514
25582
2800
6085
131570
17294
132426
131151
949
10843
49576
23338
16183
91558
253
733
61827
70855
27272
92491
6959
30072
3944
21582
40438
5423
30249
5641
50951
22461
28099
171001
18139
48525
6549
208828
31758
93558
20022
1442
41328
58783
45404
47958
4451
165537
46979
91840
61984
2241
3540
56633
182300
24046
6387
196433
31586
132728
134274
24273
58631
11318
4635
13797
179915
104389
73782
113887
84214
1928
34883
97013
108881
87665
56153
20463
64798
76082
20550
5747
40509
34517
96941
23648
11846
126279
173703
4946
9667
56982
90026
22593
41060
17425
2246
27416
14021
24627
59601
64707
39567
117393
28166
27019
43579
282907
2130
13364
130516
138751
60291
143582
15164
13337
26522
87503
161389
65558
35441
140932
29070
5812
1310
146757
23150
33384
142451
64903
35459
19300
39399
28923
143295
45095
16809
139623
83863
70937
125844
108866
193893
14452
8298
20512
91494
23515
49064
17313
20543
25174
72168
147738
1667
26546
14397
25694
73656
5656
102388
5173
100488
16957
61114
149158
87865
44326
18308
438843
58770
156501
8138
40114
15952
53274
12192
23916
10319
40884
165972
50554
116130
57341
16976
112472
29798
33157
8242
161952
77750
26107
29874
26789
148303
25517
47090
25761
17644
31911
46119
21826
19507
64878
11733
68420
18923
201126
18723
40935
94439
157444
22469
8144
15208
33729
42605
19276
17493
7745
71185
153384
6635
631
15339
69031
14030
48406
78013
211780
43073
23679
163902
139246
118624
118857
628
56204
79836
120338
76568
29892
18273
113253
20720
12364
34349
11447
22158
14686
39202
69582
7696
22449
130775
20507
77887
122557
62475
1713
20945
128380
12237
8142
35410
5639
3641
55227
10410
92632
17129
226594
12659
94196
42002
7924
86996
700
13331
101500
35997
18083
54172
1398
91629
63398
34218
148317
283568
35456
87602
169126
59704
42168
50637
79524
55918
10408
7380
88469
238115
63296
62083
24536
16571
80508
74951
54753
100671
132180
120235
10555
35831
627
39668
22107
18237
12250
90898
19949
75565
135974
25207
40185
101063
40768
77102
40964
18937
2523
2985
238191
40798
21511
94005
39285
200995
28424
19280
85509
40431
7381
42914
7086
84024
14256
17336
5835
21551
101326
2299
18346
235788
81118
1643
15441
42031
16370
79607
19222
62094
3498
148307
128225
51701
128155
30882
22551
8773
75403
17869
1282
12737
17653
112936
46380
71107
34593
18370
47718
136543
54386
1115
46712
122599
9550
93122
50880
32345
102401
2571
46402
29512
9962
32871
49792
59796
19971
21249
121417
20335
226616
12831
19908
40105
22003
16496
97668
138429
3303
82146
55461
64915
7037
2605
53210
2748
23198
10693
19916
165949
141415
4620
11076
71546
65263
125341
193120
38236
55734
24321
140426
50217
173034
1422
22712
141964
65917
40799
17933
69431
119490
2577
4639
7833
7787
207044
34441
63191
213324
15988
113594
162560
11367
3777
5926
17075
31935
57328
82888
39207
36584
5868
41176
67066
64645
42230
46660
31774
23618
51038
96640
6686
44983
9980
103804
31859
10551
52022
8373
24775
121569
3669
161534
3519
47773
56201
30230
61672
20943
52659
54780
57700
146768
13768
55593
6175
208557
9100
8447
55460
619
8758
25745
28296
14170
1406
26669
54334
7467
70546
40098
49344
115139
64358
24782
109417
7274
9243
6904
39594
3965
74119
16910
57310
36452
203570
13107
7420
24600
34825
48149
125409
22025
20662
8088
5934
346
1027
35428
111877
145260
1415
33689
11831
37199
91305
2630
13859
15302
18276
2280
9081
17266
14237
112731
151
41883
15160
35653
139924
81381
71342
36002
51499
154883
21376
4991
5030
4798
52800
86648
7489
16624
99686
70504
44409
16878
27634
32514
9284
73101
136643
90457
90247
122903
75446
150112
6868
15697
166687
40527
17746
8304
37612
108078
144771
5315
9682
91225
3866
92056
23283
26370
56608
72482
5291
16934
23399
17650
206864
104000
70968
2311
69834
96378
226187
14741
40450
19925
45726
4437
8086
10137
7256
62023
30374
40339
33031
46199
77869
153684
88699
27158
79079
28826
60918
48249
85568
8707
79192
87595
6856
109508
119665
5128
21643
28024
16681
23315
37237
90174
82988
144451
71316
20704
117172
93957
138
12073
95052
35222
2111
81313
145875
6717
9857
88950
26289
86967
19371
19209
20091
74556
216387
1000
25116
27890
19419
33316
4149
79265
18808
4897
37247
21587
17497
48567
120095
11384
19139
13948
20417
64024
117478
44477
84046
4619
117290
108790
56417
706
30577
60441
21032
49896
39812
18828
7866
35642
29089
21435
38634
131431
45
24835
77553
800
57931
12691
89312
1064
37233
134076
67042
108802
7948
199604
3695
6181
41191
18770
4733
62540
23274
33604
54676
37386
43227
33260
6012
11043
18058
64046
123879
13331
209419
27574
32830
78288
32148
5017
101458
55001
192199
9504
5598
36030
37459
12415
131153
25960
76491
48294
49005
27344
78855
10623
22260
1938
6904
13675
34641
68234
6596
79048
12602
48023
76314
250189
30855
60462
69491
21113
83059
223081
110283
19860
16136
170069
103713
13388
112707
13716
36456
123718
72940
84546
21644
76296
7555
12067
57971
34950
1008
21335
155978
120699
36937
21513
14939
79349
50750
4077
64415
86269
90808
910
19936
42806
73963
16313
35255
196984
142463
9761
10989
16566
7249
35485
28413
59794
101968
23534
14388
65655
22204
14793
200133
10555
10284
64068
97772
27020
24743
2186
71100
63966
33406
4222
53685
19282
43379
20307
8440
29338
5522
190016
188525
91214
21555
56339
366921
189439
43144
8181
30879
72774
49762
11105
25799
135094
6588
80927
2878
50233
41913
2226
46910
50768
34127
6810
33025
68362
99796
20104
25687
9093
28470
19913
23863
7341
28479
29471
38724
26708
919
80575
63202
29857
256440
97721
63422
74709
69354
14652
34392
18710
19921
62304
3097
7054
17941
15058
4959
107676
33826
181372
311252
6023
3303
26978
153839
48708
173493
54387
4190
68063
20089
85433
49404
189798
123973
18546
39647
29402
29685
4418
66442
11381
125000
12753
7427
24477
74152
27991
5584
27583
165
39852
34814
57972
54051
43922
42434
35148
16228
4090
47699
13670
272837
6591
3707
146610
28535
16695
902
44133
89563
231694
33824
2533
13801
82307
37920
18534
49286
21166
32838
98349
7011
166777
4482
16488
5602
1237
22866
18730
8592
135852
43696
15831
19746
12982
15428
223472
14065
2532
82240
111804
9125
1402
103804
63366
35120
18951
29767
45429
42795
13971
8712
156864
224269
32943
21949
39478
90754
18303
19283
71715
57306
39501
14587
132564
44274
59186
80810
155413
111995
18377
46808
150215
147200
88800
203378
103237
73811
167369
31283
76369
100058
7276
28075
11347
46747
42034
52161
56936
53772
56092
176763
26234
5411
37426
111989
10537
127990
37375
8019
102612
6239
20626
161903
91396
4102
43451
85297
5833
20082
9743
13419
14422
29273
32343
2197
38147
3642
1022
9544
31693
14890
44851
89407
1193
47298
13628
128077
240196
48334
20908
12854
91021
15332
130944
5500
3366
8265
33627
12414
52353
27817
8747
6764
74579
11470
101814
12567
10241
5913
29615
86211
7593
123848
125935
105608
24592
17506
49121
139605
83477
22588
3607
189924
76196
102610
110000
25799
3071
6508
88723
14088
1772
2041
4006
10221
21530
76179
38495
1805
82443
33695
121052
447
203680
75101
145288
68766
116674
31076
40932
42222
8381
162777
23759
18967
283498
26215
202315
701
13315
21101
58080
156607
46675
40003
7469
20321
68579
48056
24444
8878
3244
180460
39795
118778
215562
15641
94942
16422
23531
255349
8574
82507
58177
59986
87847
36107
107591
30950
14809
51439
16712
6448
12872
56360
85384
10367
8095
3343
52101
101154
116613
51228
7526
61121
49215
58329
2019
50455
22336
61400
89174
21091
23347
132540
986
101825
33860
70104
85305
110882
24409
27153
32750
168825
92300
32607
10145
725
44391
75636
72310
29907
66893
50984
130409
4885
6584
80979
39655
17497
5419
21527
52067
77196
3039
10118
64779
41444
64481
94911
100960
3773
73674
72839
626
31528
64657
18863
52741
10493
43230
96106
148901
11000
24415
63871
9614
77449
17222
29248
40117
5649
5162
34364
131301
99019
61273
46221
82993
151982
9394
12158
5996
46028
19820
25585
118270
50337
13353
21851
125374
6444
62719
169698
52233
97565
44628
17227
155098
21410
29564
58934
6856
3412
39297
34859
72893
10694
10020
10379
157206
93238
28593
124527
13772
58029
36704
41514
4113
90913
51391
54469
55603
27863
1285
38574
96383
23195
25816
77069
33701
7407
31099
25962
39320
57538
58792
5530
32048
121458
63493
2774
52702
7028
41878
26263
69562
13933
36823
49127
5433
122440
10802
22807
68957
1812
46711
167564
52094
61463
3206
88711
88511
235227
1845
123421
54160
73418
47477
53702
15166
23667
17288
23402
1686
205101
45351
6592
153270
93525
949
74993
70829
31533
11801
40986
4272
17052
9148
78798
25565
8804
55246
31416
1046
3889
22230
144567
13163
25921
172389
246645
19275
110445
18056
17301
233020
6872
39987
84664
21049
15828
125331
57112
6754
40834
170214
10170
14319
186617
12576
467
112911
82713
112125
18496
11314
12182
192641
185581
23907
19950
56673
107590
57544
87847
22876
106803
125020
86852
49963
163409
48020
78841
23263
13422
24059
107034
23046
1044
104353
77347
20142
30073
19724
31555
25899
4360
1677
45776
17860
14144
6091
1290
51324
79713
4815
21538
59827
179499
13400
37938
86709
5028
8564
45601
96370
44131
35473
59749
29601
25713
90617
76854
36239
12143
10169
16544
56238
250109
37637
35415
23831
139095
4803
151635
18015
22329
61183
66000
14418
27536
120529
140617
28061
34515
141364
23627
68257
23253
151764
45670
78802
14251
7645
27216
66999
113176
23223
12932
49880
42610
8375
140146
193297
61082
19960
40129
791
164143
59709
172643
88695
8734
14979
78667
152459
53107
206621
46625
15457
75092
17959
88121
96069
87311
15715
6314
1153
4474
25231
42208
1168
43600
86694
22082
131527
30009
1292
162714
37717
30747
2779
1670
30345
98959
86964
120921
11428
35672
31765
37324
27193
26615
50286
20658
55648
3909
87498
54272
92591
33321
41546
19348
7753
13761
17963
7342
22779
36466
11665
4951
32084
84428
151084
45669
13719
85900
35607
13057
72511
21182
57502
13717
41571
17919
49499
55618
55638
45421
153030
52364
49080
96295
40571
11911
16762
3799
21423
15108
30147
691
31585
33673
11253
11227
298688
64069
778
104873
827
21422
46923
65154
24877
17673
32335
20676
19015
25548
41508
71905
7800
130304
43401
52250
105150
6389
22857
28463
177433
97018
98506
319844
70976
52301
34412
25212
130872
9471
5878
215306
13583
39286
248
30446
4046
49153
40359
151544
87250
117675
21595
19585
5287
136007
19441
181999
12853
12255
38462
8655
67333
13367
34587
16783
22770
14119
102307
49346
9439
82540
16974
90440
36836
1651
107275
164258
24775
38444
111893
17276
11368
222495
217701
4445
25785
107705
80122
132442
169344
189354
14404
119578
55767
2971
7563
20976
99120
9467
46847
12455
51900
1576
12288
304
38027
5862
2964
75332
115002
13152
7640
29884
15396
29298
52050
52013
72286
5656
54706
27810
30193
20097
54092
18267
30105
28617
108159
100131
279174
57266
54552
80862
86198
61612
80437
15953
4079
56939
101785
121873
12254
35102
26187
31658
7906
30169
28709
68062
58760
28990
73240
15023
6236
195803
89519
8949
99527
52673
35599
276248
7311
39386
53025
123969
40970
81254
33206
106500
10512
56955
61530
104056
24315
2574
116822
179773
91596
34159
4480
83068
115611
32045
158803
37580
65141
6677
13602
1537
12040
12936
32209
88607
39969
23922
21160
60870
6269
31568
47948
193199
23998
16700
5003
32975
63749
104795
19620
80774
36652
37684
32460
30324
24493
2638
4743
83022
7515
2392
23810
311512
53483
27738
14376
55745
81876
5471
32245
62100
44759
17626
12109
7439
6886
7662
36718
5214
32903
187436
301
114191
23612
89673
40065
3104
142057
14058
41738
30289
41162
104520
9884
36460
72779
33137
19954
15963
15244
53900
116028
53732
78079
30689
23594
30651
28519
56249
78802
99574
69453
198322
74693
88643
47496
37413
13932
15032
10409
10031
7278
143139
14192
37724
2080
1892
32611
67818
28615
92027
45509
4985
4265
24615
194480
7758
79318
26095
21178
106683
85909
83162
145017
107600
40891
67239
46802
24848
153801
39419
71558
26082
150626
4837
5656
30075
75915
6782
111036
337
3503
20213
8976
74118
27558
5360
13433
44566
16586
97112
67296
27940
66235
14666
3322
96011
40460
70381
293543
12143
205060
51463
95110
15004
26163
36032
76982
5517
36004
1074
23535
39578
3692
65941
79419
1201
77143
710
20041
9360
31418
60909
124160
4843
29590
1695
3193
39516
41353
40702
37160
26343
327988
126306
11795
48045
1642
14396
17340
69315
32927
20354
6046
121339
14386
211083
34499
10231
41754
174987
184344
40690
669
1493
57374
14971
139729
178215
4768
36791
4898
69669
3311
75074
93052
23087
24744
1448
146913
169892
83707
267039
5356
22460
4124
28753
78234
27751
4350
9291
29533
25185
59203
34789
1626
17026
131739
174358
43459
11884
13617
50374
65214
67537
44628
6301
130482
180296
203184
95914
128450
138734
54464
13359
14497
121332
197696
77779
86116
138770
163429
10220
32277
7447
24989
182395
80978
10584
22034
167934
45878
135776
108320
186003
62058
21252
12623
129988
65982
79772
6651
170485
46855
37333
227412
14262
103775
80903
44880
62001
93077
24113
86109
108144
10
66287
67288
10077
21701
31823
24521
154527
21910
8284
5276
37699
88555
38475
1112
8841
139586
170587
102843
4777
42124
71486
36281
57584
10746
32997
65286
28011
235843
87887
117729
4460
130305
725
16227
3099
3839
37698
21235
13944
18233
10052
89214
11784
43228
118670
134163
38779
14103
112099
74613
136886
27905
15969
50524
181115
108076
164290
106070
103929
6553
44945
10580
14205
102352
24517
71009
25240
22914
180086
44748
48890
157166
13882
30639
923
2441
37212
1665
67843
96457
17148
9508
40205
123308
56597
128062
12872
19481
14559
204
35278
97594
62944
19410
8891
25102
11737
59056
37437
86472
4302
59318
312054
18762
40088
26227
95613
12205
155951
126187
42250
110654
55762
25943
26752
63672
21781
225496
58116
2474
62965
74453
114864
3975
28373
42305
33708
4145
29566
17967
3387
8263
4298
23924
7047
3465
52303
4448
11002
303373
72340
16945
52735
60975
48311
110477
33993
102536
114556
31522
47424
73945
2145
24800
66518
43274
111585
23756
246365
12872
30173
111604
5316
23463
140746
57900
19475
36896
15875
84820
102565
43943
76278
64839
60033
299683
40432
1432
2602
1021
56167
8310
151759
63936
10174
31810
10573
42257
51275
30690
38613
158273
99875
25496
146461
17577
62142
36995
53401
39318
62998
128242
37457
49183
83982
10846
73954
151649
42836
54587
132326
199433
164230
212057
52465
22721
46381
148715
16566
247071
114243
6413
130299
68018
16083
5734
23677
32339
60873
253
5602
13278
50982
36805
62218
22796
68643
157297
61143
45999
3893
3408
43257
784
6906
51097
3317
148136
17987
110871
68529
232279
5678
17594
27144
85658
24476
34034
77234
36237
151978
13276
48869
50781
35989
104227
36894
26804
47958
62879
25781
1292
88234
25046
74027
97173
24201
38482
10204
68822
29885
66426
22713
1778
84387
74582
46013
168300
40694
4140
7696
53538
14691
104383
2840
72408
27742
122543
77757
65626
21364
232380
5811
51511
17617
274997
15744
75233
46316
23379
12904
87729
14709
105510
124369
106192
113063
2164
66068
111891
95614
29361
55445
52422
41396
135595
60422
72522
17083
8882
90769
29309
134764
54841
17761
43067
53151
4571
4064
20555
2426
4625
5980
29860
3374
125134
23890
8163
1483
12770
1708
30227
34584
119363
152609
58688
98874
24833
47082
15851
12357
17933
1875
35048
39033
26411
1017
68760
38740
67247
4738
30179
9735
860
66113
35225
182973
132848
5723
118178
137212
33629
32382
14501
9934
31068
98595
4684
12772
151109
146326
10618
12391
77348
31498
61586
14321
30453
138073
34185
8851
52382
133508
108743
70377
387694
83706
30803
71718
13016
70835
51768
23661
19405
42181
28001
15224
44491
119381
38534
29909
140696
39066
40640
138872
69639
77954
60067
5026
29338
42856
21182
541211
36340
27603
62654
54583
14061
115738
224687
93626
22064
81960
142537
18338
33541
10636
28963
95343
65588
13646
18587
26048
75621
274237
15898
26515
57795
14474
113125
2910
38140
34752
69234
5900
31242
16379
3052
10117
132509
50850
49647
44268
52212
38747
107575
41860
282
54401
1391
57491
4577
32028
14664
33596
115401
29338
34230
3963
64333
24330
12077
50234
15273
13084
26625
44687
212690
8019
242860
46252
139487
206654
4535
48790
12180
40784
78877
10790
203555
1916
185348
53275
30091
176779
3145
20563
32034
5371
131977
168384
98414
35863
61776
11499
36666
94117
20350
19974
155427
31176
41841
172587
162384
59261
4993
136291
22433
26959
124494
21603
69699
66535
32292
22458
10382
25493
40543
77848
31979
18751
50803
17487
47946
8822
96517
595
28825
165564
2701
347
48433
147946
40946
133239
28660
22846
17425
127138
27085
43062
66790
57806
77524
46285
65006
96595
7381
222746
138
252852
89592
79507
13891
53536
6329
85282
10341
64942
5492
17713
62921
9790
67211
10249
7081
18713
11768
48828
129253
41008
233100
161743
3471
67950
137247
2839
14560
23690
25125
38155
8851
8952
98946
5982
57607
21613
28238
59953
30295
9733
230063
56687
112085
61316
15687
284470
42556
9011
50646
50766
104588
76859
33191
10896
539
56289
1131
8175
248844
21596
42571
175474
41624
58857
42274
30118
4179
29381
26797
8334
44111
38698
56468
21363
4075
17619
236415
33642
237647
35303
11089
40357
96637
5969
59311
129
8729
26703
16688
355180
27515
69163
1366
15732
46818
144695
27461
20806
24729
7039
43884
20841
34966
27236
24821
34853
17418
46088
70177
10595
19518
2340
183390
5376
510
5154
13546
17459
7567
86452
44625
18086
21396
71322
64941
26978
34157
2692
77902
41153
4887
78144
59593
95766
52826
42042
2158
15658
61454
17107
190348
149820
102776
18565
33249
99346
51834
63269
98796
17854
68567
25897
67595
151649
128478
38851
49096
2401
28283
12511
74011
638
101540
138467
11368
17116
23649
102468
83704
96881
25339
5682
13204
53148
48950
428
99401
43925
1251
7555
37734
12543
20251
1375
12354
44834
61294
9680
2625
17568
21377
61889
1730
7329
2053
31589
1796
35109
112312
90532
37866
42344
74563
24328
32039
34466
166422
95664
107677
49550
141991
186316
218759
5695
21587
45877
14894
27716
68978
2266
69826
48016
114629
18504
38130
56324
52359
138338
1324
21352
27028
71471
49672
19264
55100
114797
6247
99297
38093
33441
5952
18502
21214
19398
74065
91213
140208
18944
145039
3210
2581
1712
6599
74251
51480
21900
3217
49233
39274
1855
23603
30809
25497
2277
92194
1426
3260
5040
424757
10628
44120
5757
17680
65496
36470
12584
38148
16328
15547
9734
25812
134650
73503
5707
8324
39569
41826
120336
104341
16216
62973
54313
82772
99543
25372
18257
32113
16257
32214
29812
82931
19307
105303
35882
70563
45338
114256
14518
31846
33
61193
52366
3602
29899
4489
375
75990
93364
11200
111930
532
5258
74057
49166
46182
105376
25914
34628
87350
60245
4489
80711
3911
46284
87420
105325
91340
37517
55819
148059
24948
34608
52171
7771
7581
24586
69742
144913
30922
16370
148950
49921
107177
130140
46873
4520
72119
53570
3615
15482
659
49843
123349
40571
61137
17005
36368
17140
1389
49308
29433
10052
122694
26307
773
62983
93678
11400
18703
61073
55931
23610
211511
54161
90708
77185
28925
6690
116005
51415
643
91469
50531
21498
141811
38517
62953
92449
55746
28534
117438
41630
33209
45279
35528
53867
47649
61694
118934
6446
41854
155459
7417
74619
11956
45782
190565
29447
15909
10407
41539
8070
54166
6404
123618
39977
28896
12583
50230
88567
139361
782
25798
44764
15637
34216
48004
17894
2140
140363
62
111970
20348
7131
114716
31769
137730
19924
56330
13805
215050
49839
12462
33437
14170
4730
74607
1400
36710
29998
50951
30184
72721
68964
76107
73252
90395
14257
52198
146890
37104
55988
21119
126277
2852
6722
146112
68971
512678
195025
16940
64087
45287
41583
80344
10812
60095
30548
10573
32172
33388
62456
134387
52613
7980
38930
64078
1741
19965
48990
18751
55423
2821
14330
50206
133267
64227
4935
71766
25416
35717
24220
59572
30383
10000
20197
226547
30897
16183
189974
26656
66782
253452
31288
121613
66627
51640
132317
11725
88155
9125
16900
143560
60416
96732
104830
55279
255
68603
116514
8094
217819
17754
41757
58229
2945
54973
38778
55007
10662
54490
9177
126
20175
182208
55535
6729
36798
35536
39375
22182
45853
64446
7290
26999
70239
38976
58106
21682
61517
16339
9381
12064
30089
117295
8345
121100
56787
42762
86651
29984
131176
129536
140573
68062
61243
16487
7394
37923
127067
162701
29257
231317
7455
10904
72570
1449
69074
119003
17
81687
130358
42672
35431
24105
6238
17198
10189
43515
163545
4297
23715
10206
25566
37362
10324
70159
28422
125695
10549
49980
531
9798
6245
48115
7450
11278
22111
70166
27619
63597
936
13424
36191
7717
16505
8567
15382
5788
30636
62930
16943
85044
126392
36217
6586
53720
15635
193291
9903
22797
42577
1805
38803
1046
45418
78413
20914
66636
70414
26335
36750
1661
45639
46116
64264
8719
28464
104311
133909
124612
582
43327
71872
91045
109323
117384
28627
71313
89218
50078
201717
24644
66684
1567
48055
70123
125894
14394
4535
66604
74972
23833
158815
1736
57221
52928
53325
58477
90946
48090
108321
46461
18868
30186
68939
10233
125121
35367
139938
7823
83471
2878
20696
40465
191662
135911
27543
3951
133219
28765
167684
1314
21798
986
78645
5737
26056
55536
20976
56087
1193
29086
11764
9769
52510
121171
124466
116134
73250
102395
189312
58572
41886
104260
86143
68536
30169
18909
181782
3846
544
35924
32810
28058
17804
6042
30031
54914
31231
38974
136706
48743
40537
953
214874
12828
3679
52707
88120
24886
138198
132583
41765
15882
5176
70661
23697
37892
42352
56701
2299
101459
124784
70512
32852
92022
5524
79058
47380
20905
114212
9354
20513
92564
103325
52628
42248
10204
79155
20447
75866
70009
125170
103475
55039
21790
4941
153788
111845
32315
29862
123206
84003
90076
27809
42089
130511
11363
38149
10049
53018
60433
27762
51020
26765
31386
64305
71804
207134
64879
18262
87583
44587
37253
73442
54535
82670
43557
93031
51390
6400
21128
63072
23524
18586
43976
18416
12159
17034
14525
33203
731
130678
559615
77017
11164
42271
24129
44987
2086
26329
18964
9212
47177
10688
138754
108989
7892
73967
28660
7337
16537
30899
7022
26802
94251
145764
42373
112720
194
74894
152836
6110
127315
3591
141715
213362
86777
77707
608
112090
13626
23079
79234
171517
50196
82203
23642
131140
3462
38678
11853
43966
223352
54
88935
23370
47858
45110
8556
17650
4649
45180
96316
87870
43345
18251
47607
99373
910
69465
26309
113760
2923
34545
81340
74707
73952
8792
25360
49699
88368
7352
127302
56722
7875
157245
232996
19708
76933
33289
16877
15895
7116
27623
43163
164610
130052
47976
22779
57985
2281
46403
9452
32373
27131
8177
78694
47238
47716
87521
89482
77313
58544
13924
44384
76788
43192
11104
7345
30621
18048
2072
49192
9667
30078
17545
127575
27333
10471
48637
19003
106032
48880
80423
28589
52732
1522
69890
24320
120860
75867
3711
41214
25481
150
26670
9218
58541
8397
129016
105197
22338
25809
62909
155517
93120
54855
7585
25261
2402
88168
19851
23807
1530
23762
5152
87333
51933
133111
65869
104976
73785
2894
97284
4388
39652
24338
37335
123829
6511
117553
65623
4185
35900
137450
39839
55538
2106
85654
82771
28611
70916
32135
13027
47699
136264
151867
4422
15302
26043
24244
60967
13708
21204
196466
51595
5881
59289
13689
74315
19426
80476
175386
71864
50461
115802
122912
118317
164524
22615
3953
25296
67005
70673
12262
5179
13775
5931
10596
15959
115927
71012
14458
129708
80132
17315
5038
145158
54398
1976
49231
22992
92704
30201
7864
115884
162799
56558
67564
21065
26770
63749
10694
96224
43652
38355
51395
10928
118845
105318
93130
39252
31711
108064
8441
2945
68319
22952
1424
219
478
26614
55287
66116
15034
11635
115092
54632
218304
50047
6964
80558
169624
1876
11714
99800
12197
89289
20107
101028
19828
32955
99815
157905
25911
38049
38884
16494
14817
76839
20204
178933
131384
23760
68378
45647
41392
53575
2870
12090
109724
97560
43108
35019
25127
41010
15037
113379
38498
49449
48120
46234
151395
5257
19183
23402
106822
185121
30464
120793
19232
85616
39356
135227
7386
7183
45991
9858
2960
8876
83380
52200
17803
95607
61958
4289
40957
66006
35622
230808
44877
36082
56716
64211
63557
82468
42502
40488
2074
9980
40864
42189
4977
155975
54140
41532
49970
79579
45475
42206
6891
12596
24391
27247
75744
33936
11341
10110
1380
17788
89419
25165
4893
14279
5541
36821
232573
34670
59716
94144
44557
29181
165523
15163
91876
88153
122342
1230
160406
2859
163432
27896
49337
11949
94477
5307
65594
17981
29361
165550
5627
72013
112125
4465
44239
19957
5645
19428
112750
9335
16629
49897
70256
23878
18731
102697
63903
27149
19407
63201
108735
59109
17086
15903
82364
106328
52418
128723
10744
397170
16484
67635
25284
32964
93417
31452
111125
85001
42501
24402
25442
18056
19431
44764
71859
63796
132168
227010
17430
17159
41988
34345
264979
26528
21169
94822
72327
20603
144163
59216
17454
3629
28515
3223
37160
27259
27022
24276
219187
97607
65758
142359
48413
22898
1185
61289
118457
60475
31320
14153
183580
8482
11447
14137
9533
45704
15670
8959
108386
19192
55058
23589
172997
91941
59122
148699
59779
42183
32395
210313
27784
20160
23890
89925
142038
49480
4104
3568
43928
47868
40238
70173
91314
5543
91705
328705
2238
22913
2198
49812
6522
219758
10406
101607
31281
88882
158331
1096
2086
118043
95656
45015
3657
21737
34074
39078
129269
27843
202700
26706
3928
228857
27843
16499
27711
37228
40457
10516
112289
26662
49863
4940
5600
15785
102583
42212
100344
18370
21907
5535
60796
28889
4567
20335
8370
46707
99091
9233
1748
16109
28539
2596
46963
66792
23735
20874
66273
69709
28021
120189
88277
2733
9700
21998
20046
123138
60120
19631
17818
6227
10353
6018
31894
202000
4846
13607
32224
52887
78876
276250
26094
170143
50474
86013
319033
25999
82386
47704
6742
6161
5541
52886
55045
39473
76355
84605
16232
135882
181976
58459
43163
65718
7752
56167
58985
75768
122979
13054
123763
64729
52611
14163
77968
68367
16411
61602
76880
150269
132222
17542
320442
289486
24940
22657
30656
12026
30797
28318
84922
185536
6584
17206
22435
9215
29505
152520
64955
46232
27411
2044
49000
26704
33634
8835
542
39570
148822
31969
136334
61646
50497
19652
58518
35621
54069
27615
21736
45693
2388
106926
1208
42041
55898
16829
37506
71340
1067
10888
45309
99094
33849
51619
56891
1126
138638
137598
130331
14838
73801
2706
21777
15437
65858
73585
11245
14487
30906
11623
33188
12015
182633
71594
1891
17691
114125
11559
2003
198035
83781
108485
2188
13871
23303
24432
29572
109012
10490
46122
30190
29508
18385
66728
24977
80019
2239
28952
22432
3668
119218
57946
7242
27280
4221
62515
70157
118345
10857
89654
47577
18672
4317
55812
18209
35720
100533
45592
9899
27375
43452
45331
77176
140700
14663
4925
57097
8000
77156
288402
19014
98640
35798
59539
119331
8017
67494
5406
26836
849
25380
22410
58486
26172
60521
16698
411926
48418
18205
37644
120962
7299
19348
12120
1206
6573
7083
2591
10976
34015
8940
43796
36731
28294
11435
66531
28807
104126
54590
46477
110969
24057
60935
71392
56869
90212
42922
30846
160500
60529
9255
20948
47353
12389
116781
21619
36931
195806
2440
113635
35771
92153
109027
101881
7309
98726
326
70451
39614
64759
106667
167187
29928
2425
19134
5587
161238
43039
11603
73712
23601
24312
75984
39590
4471
45165
112740
105743
81032
46338
69875
74892
18282
19305
157971
31333
44164
34288
44296
62885
21528
128587
10482
3055
25094
64790
62720
46586
60793
21064
15488
90135
19838
82027
62437
10986
150454
41036
6179
71172
19578
133295
39394
69660
29464
44256
89225
4163
94333
23677
64917
19847
13484
74885
10572
90677
54546
33141
15540
7738
7942
8606
139979
74490
13546
47006
131878
66428
38245
299833
82135
34472
42434
27839
12760
23634
2660
90774
15370
49745
33647
5032
61508
221373
313641
20723
21271
9513
44976
27737
10378
17504
39109
63628
65681
31121
52224
121350
17935
60807
141401
1098
26805
40892
21528
1256
79791
70362
21987
13079
101551
11877
12961
8926
15459
159190
21192
95592
110724
47772
75053
47027
104805
44821
99896
93536
1121
93222
1913
36302
26579
63561
52428
13665
77719
75218
13739
56531
112441
8746
29178
97074
6023
61850
1367
11232
38497
20942
57100
44586
11457
96170
96254
98440
18114
68371
74387
839
18852
57701
17854
53212
19434
97862
92899
70707
22477
14199
2428
30261
56316
37834
34721
25689
1851
144007
33893
42155
23485
73575
71215
31575
440
45209
27717
128541
22770
123765
47267
92103
2157
206931
34410
3487
23185
10333
18890
70120
247700
207934
112033
15730
66383
36329
125569
18113
1896
157724
109699
1573
93743
106341
24987
58031
76875
3039
14361
45932
35569
44224
30019
29638
213481
1228
81965
70038
9608
130578
119967
25799
50959
159790
3689
55017
211760
11100
12582
72964
42458
54265
17557
13084
18306
4533
42032
49431
59181
20272
51548
56881
98536
89156
24615
24949
27169
37794
28749
89466
70531
43680
30779
61143
56738
17081
107027
1796
18873
25422
16576
75479
98465
260458
16353
54927
8275
3230
39771
27434
4411
13771
6834
94577
43085
22708
73006
5987
87459
17315
21473
36024
60498
65586
23805
334767
43138
13398
73156
39050
440420
153905
33772
43171
13113
57744
79885
181057
73315
1833
24616
22698
54182
47711
32302
48071
47004
4980
2412
15276
9327
43577
88439
83080
2901
176883
24481
27780
7006
27698
48660
23145
21189
23340
16425
164711
28519
32764
17412
17391
22233
123065
10833
37337
69395
119105
9757
1054
106039
8396
12085
8641
5521
63386
75620
35689
16348
53514
3685
6531
43026
146861
10685
14633
43663
48958
160712
1896
24183
17854
58511
70825
141811
40074
58627
21896
48444
22769
77751
3652
28386
37791
24715
78906
8987
84989
18344
1545
44771
21147
107767
11235
58852
70799
39012
67441
4546
21950
12066
37200
5013
39308
46503
10929
58965
39163
17791
114319
175591
31663
30271
126309
220208
14997
57714
24010
13709
53748
28118
112177
21828
48747
54883
44357
126736
90939
18364
56382
63400
11274
38630
75371
25990
31367
40128
41373
18941
13056
65362
20839
55689
55238
75668
114534
31897
157345
130051
61475
56444
12456
37566
50266
217330
52911
6929
10562
64865
8536
135025
40176
1171
32660
73368
52559
5524
30807
44718
80402
127364
62153
17572
221043
25522
72289
50483
88410
83172
3918
63774
4266
2001
72155
57538
63138
22035
61093
27996
64304
6772
328
97618
23962
53034
62433
42874
38729
9366
1120
130146
18896
69856
20050
64997
83803
35181
22709
18317
99879
62735
57137
22064
26590
6318
44872
10934
2505
36215
49782
28360
46397
93514
46738
15446
46953
26480
380990
5136
44470
3883
5484
3560
83833
669
12832
38701
22892
39498
176363
1173
13060
61488
28674
220349
36497
84980
31919
39799
17217
62998
24875
52821
135560
9128
68963
67886
1475
7119
28977
16754
10625
128046
46672
12557
25241
129181
163
37937
210357
69252
54360
24054
52592
103869
144940
27592
14184
10536
28
167613
46947
51770
89679
97181
51907
39492
39863
169073
45253
53224
24927
90568
116799
16384
59131
59098
14107
77075
111501
125210
667
60430
123614
33891
18205
140099
1800
64913
82327
528
72540
73285
69892
230420
77350
17963
3002
27331
20644
140608
93099
80722
3020
226993
51239
19510
50336
241788
45102
66152
3296
109011
71648
1960
23478
30444
410
71989
83989
11832
196248
21457
8990
51151
62120
105344
27483
84170
47643
27697
116134
185100
2006
58519
4507
13453
41256
27228
34354
9499
25021
29638
63136
7329
39971
11108
50171
21148
19393
29280
100926
37549
130220
5829
50509
96550
2367
8598
37445
29446
25168
204316
11272
15064
53641
1887
11618
29983
78293
42417
72655
55468
186680
77538
66301
29545
41580
87874
12759
17823
20418
43103
68346
17366
12563
70907
94347
47777
15914
10341
75079
194409
54700
15211
23844
27396
259320
42739
4647
12003
64067
60872
25762
9317
15536
22515
5528
51010
33743
148775
79101
105116
195693
12934
41669
12779
62270
41640
19699
50330
4502
110399
35294
4705
12945
5101
45891
33857
52541
51595
12902
102346
90422
156540
56960
17822
31659
71889
90684
75543
100704
39199
34059
111627
195465
27097
86821
31575
99420
42082
65052
3308
154502
44459
42917
30928
26240
121471
73255
15373
2419
239463
2486
101546
30610
59223
19321
63752
89579
78136
24149
109811
60881
67725
30877
65614
32760
22354
9223
33839
71954
17916
101505
96467
118456
8393
53780
62092
16828
35620
30977
19374
9806
69904
9275
119176
188613
6350
4129
14869
90856
15849
5028
30613
24594
30113
4525
32972
106598
872
52449
6347
366
63752
41196
5497
79278
32943
65752
44149
2414
162872
59041
6710
4361
45893
19883
23947
74513
138720
77300
40297
79730
164237
33838
18845
33493
40834
28119
11477
51942
76583
44826
23456
78219
56073
74307
23868
14210
45916
206014
33605
17432
31214
16196
58535
115371
11092
10698
88378
24817
80706
58213
85016
37089
45252
71559
2334
35896
62221
48271
6563
50760
36011
9477
93460
14871
8194
6206
42164
16511
7020
37948
13925
89955
28508
620
8200
6446
28180
6362
116883
130821
70404
28499
29282
9482
84565
100467
8020
56350
2875
97320
281164
17530
64621
92171
7125
29302
2226
41882
9398
39683
2278
59409
965
12452
82480
66032
39632
43155
7306
58916
33889
172078
114294
1520
49459
3924
53272
28970
60294
23680
4711
16288
150878
46911
83727
52092
6264
107051
43965
34854
3254
7591
12888
19632
18705
9438
22999
134099
32242
22444
8250
49159
186770
61405
78018
75211
52524
95775
61730
34183
20519
40092
9360
7017
123167
96743
32746
79578
120967
2955
81760
30468
22947
13981
118573
142709
24995
129079
32898
37725
8429
40770
64814
14613
50527
165616
58685
33593
18887
216541
55072
21665
44221
31156
84478
314
14824
33041
130423
17057
115003
39235
12020
41726
11838
98436
9949
23649
56465
--------------------------------------------------------
Der Durchschnitt liegt bei: 54832,101500

--------------------------------------------------------