10561
27431
369
92332
41768
17511
25626
104253
15976
114345
7811
35747
124286
81386
12369
21187
115147
19360
5871
185843
26461
70587
115245
184590
20003
62824
7681
8280
142638
42525
11393
5360
96680
24915
26036
43786
65793
1002
55356
701
144328
8460
13225
23953
79479
107587
27087
21734
169816
109615
9554
2279
178045
143
26191
90965
13027
114234
95836
15213
42008
22716
43249
28240
23544
46616
90540
16093
26031
37485
17471
171673
88664
10773
44702
12572
215041
5850
35554
23623
22080
20122
58896
137101
90257
46784
40168
8872
978
24561
3331
52862
102477
48513
37497
136
59283
14859
4311
107886
229
73011
42174
29919
7599
40637
231667
56029
2633
5087
1508
81882
220300
86083
52719
218343
78113
109133
5982
62177
25481
35719
42127
96131
5638
18897
81031
43068
21480
60234
94516
62697
2211
37625
87759
90200
36368
31519
27612
21233
17059
5191
7715
4748
5849
10951
7030
17859
9348
2774
279224
65399
22719
136908
9259
19554
146259
20400
32576
95549
8474
36595
15020
3200
106615
59396
272645
30818
40229
61410
56467
30389
87646
236258
91887
32486
36380
344
87011
73657
20867
31582
33680
8408
106011
94154
72596
10597
22357
581
10997
28340
70031
34450
24128
175994
146448
1356
33332
5809
87949
15133
27723
8192
46306
109950
95048
28229
37759
30662
67849
28575
95592
62648
6490
59857
175576
3962
159637
33463
104020
43686
55917
62885
28142
25651
11004
37132
147385
18347
58302
84313
2658
23656
15908
109295
3743
9395
55307
45741
79598
38037
29624
63888
8636
9954
11567
127502
22727
97388
45484
9874
74501
7818
54496
106422
13213
48417
26946
6698
42585
8320
37702
39434
8992
90021
45273
61215
46197
8401
50151
181
195132
4209
2634
40138
97925
228140
97205
29736
16620
56436
56224
10504
89885
27924
108398
213652
79928
26426
29942
51521
88
14722
4144
7478
14100
80265
15808
48405
8955
23324
204451
35149
138542
26896
14689
44613
117193
85549
47995
106821
157752
56341
3957
41984
335
14527
45153
84919
25458
46097
16091
2885
10860
9459
12641
9295
2536
16497
2413
32077
39848
26899
3233
170428
27636
59200
180430
931
14001
46013
124778
86594
170248
27066
133630
176834
58959
16721
65088
81288
35276
56849
71492
49574
81733
8661
75844
109164
177572
49388
29127
66991
17898
20546
22159
111658
50889
23505
26576
52779
32631
39668
142441
13101
42617
100061
27101
50765
48855
25526
21961
26152
13646
30169
24919
19671
140221
74361
19778
19801
11198
209719
191619
72970
10582
1049
11767
33260
103422
206789
33343
20746
141745
298062
58779
7654
17729
49301
20767
77903
47873
65926
66716
56848
763
159318
58501
231206
85435
112945
23802
4768
8503
20603
17143
2082
34043
52266
39345
50433
31585
24351
5841
28527
41337
46228
33270
29453
117486
27707
28848
40876
70113
22861
77627
72494
38087
5041
12647
95207
789
57784
12952
113821
3954
12522
140259
14116
31589
30966
57220
25730
25284
44518
6810
112196
7512
34953
92844
2495
85690
75556
22865
109139
40518
24241
24310
96454
6232
80112
47236
21845
18086
170132
13041
40934
6218
61883
29892
11822
88043
156981
91199
14972
35071
80881
90238
45553
79126
39523
12254
9066
11812
111699
5177
13120
20663
153504
171527
12008
13520
36731
6416
74972
1044
39235
56716
16756
10058
191849
42694
28402
1468
154
32766
40215
3050
54525
19581
31877
8582
45522
36492
102013
32794
39743
23633
89438
15883
23835
36834
56487
27565
21019
108888
12624
46001
3862
19470
3940
28138
64883
25070
86677
108330
15298
7818
103133
176151
29349
33989
122774
10734
768
16192
15901
31057
91698
64894
18362
52635
44576
140876
11937
85533
5039
48588
20436
156166
33271
26657
33680
51393
1489
2691
163778
16857
114234
76991
126789
151347
158634
29253
38355
47376
70284
3808
107127
79367
156966
79678
36620
40043
17709
30189
9234
18159
35465
14315
17651
32850
63374
37611
6256
52761
57708
42117
52093
20638
76148
20258
61648
14715
25938
7629
93622
55820
160189
5511
34251
2764
29151
986
49956
75039
7680
130858
40791
106711
7211
29280
25859
108826
37565
10547
12981
35508
14533
1825
6674
109423
19687
22643
4121
15450
33057
203767
13250
27195
43218
13550
19079
4670
51165
66686
7669
7737
67870
15453
3570
26285
74094
3781
14271
30783
131786
47113
45694
49900
54590
4231
33097
77189
83976
68775
59103
7317
2496
134785
24187
42606
93370
51143
82028
18924
1571
7031
16955
2693
4213
67611
48486
43267
21960
8962
8457
2577
1185
20398
9914
24031
5934
36078
9914
5430
70344
98290
148685
19222
99008
6355
33430
96841
81732
113531
95347
466
12939
9849
16930
133253
31962
8630
37628
37827
31543
12901
43629
169970
37557
85635
166727
33390
39973
18587
55708
29058
35543
2266
312
89174
82378
94889
13966
61808
81167
176561
130859
16930
15256
2057
128249
708
31676
52061
321
40872
30774
31142
19419
1928
166413
129471
114138
54879
46608
89677
44844
1242
48846
3004
41660
1061
67696
3224
226521
40147
6831
63480
11075
13272
28763
103183
75448
26107
14061
7840
10257
36155
86320
18064
41252
36842
31030
33103
33721
173411
156491
17424
160873
69661
29496
47840
61207
102368
19946
138824
1259
70457
231294
47031
21095
38847
22655
328334
11114
25198
739
119176
22724
5331
63577
21813
25669
44040
19498
77428
529
20946
4419
28456
212319
11307
27023
3315
29664
41846
7773
18618
3366
4399
70785
51190
48055
868
13725
43735
151367
47092
17262
231385
17724
45244
10646
2691
51454
62524
118809
57270
37743
87717
32796
6242
44148
108272
38713
186919
108969
32358
26116
75258
52782
155780
166794
63013
7537
25240
287460
1381
62590
2554
72539
95063
20691
57513
573
53977
1192
95074
255023
57906
13416
21548
28227
100186
74788
19659
4159
59304
66208
23043
13795
68577
5964
87227
6310
23123
127162
85783
20667
28047
54616
50282
32995
18630
96962
96458
11511
45161
5335
75031
3446
10141
33557
105074
19730
106211
151
3695
47193
75269
2992
50528
91935
4591
90484
87297
14811
9601
27996
8947
1036
673
1350
36526
99834
113594
102288
154570
72944
66643
72578
6720
5115
6675
12387
1142
4157
30267
27361
131097
104654
51580
35861
74035
8767
37667
78221
73248
1083
13615
25734
68943
161820
125043
46236
5038
48441
11671
50259
194317
94576
103231
167837
18679
131556
30754
41522
--------------------------------------------------------
Der Durchschnitt liegt bei: 51978,425000

--------------------------------------------------------