109
13
12
29
3
36
83
33
55
3
33
80
48
96
26
78
197
31
69
10
80
148
45
70
73
22
59
34
15
305
146
14
64
24
54
183
34
63
45
45
59
3
68
71
75
148
166
182
8
113
33
31
76
39
102
143
49
111
6
161
84
13
115
14
105
118
11
74
27
43
12
56
175
42
155
152
59
45
145
273
19
67
2
211
20
92
35
160
95
23
45
47
92
100
25
37
13
26
34
144
12
71
147
1
70
14
10
197
3
14
37
91
55
74
94
12
22
52
68
50
40
21
107
34
31
42
15
24
45
16
10
31
18
28
13
48
3
88
48
59
171
5
127
228
25
61
230
29
1
168
13
32
30
16
134
8
43
15
18
18
1
197
18
7
26
66
9
94
283
46
67
21
188
38
33
64
94
106
48
2
169
109
46
4
32
19
26
49
64
91
8
21
13
74
69
83
115
163
210
83
6
23
30
58
24
32
23
5
37
11
29
7
5
108
19
82
107
7
67
25
19
155
54
3
1
242
30
103
41
108
19
8
26
12
132
49
51
109
23
155
92
33
4
16
95
4
184
54
9
15
199
35
60
22
176
45
37
23
104
21
52
29
68
15
16
11
36
19
89
6
32
43
9
65
51
86
61
410
8
45
76
139
162
31
26
35
80
79
7
21
97
4
9
35
43
113
45
120
43
26
103
219
3
2
20
41
5
132
94
171
18
34
1
31
54
67
138
117
102
259
61
21
62
43
18
177
36
28
56
16
12
1
95
36
9
135
92
51
143
95
6
45
107
19
37
8
50
41
18
20
16
32
75
30
60
62
98
14
36
192
60
28
46
157
39
78
89
18
2
80
23
5
42
98
86
28
26
39
99
31
15
7
28
1
78
9
95
51
1
21
3
42
2
58
12
47
46
46
143
18
225
5
7
67
113
15
13
9
55
17
57
148
19
12
36
15
11
34
116
44
18
192
21
6
11
17
243
64
136
21
35
5
62
59
5
208
211
32
57
4
71
37
37
6
163
20
4
20
59
96
61
4
17
6
57
21
57
121
75
44
15
4
1
31
30
9
25
18
40
6
14
16
31
18
33
90
83
52
93
20
92
110
142
1
60
6
188
185
46
6
121
6
43
16
29
1
8
1
11
4
48
94
48
19
61
31
16
115
26
149
97
64
57
249
177
54
52
106
55
34
70
41
21
22
59
23
87
24
13
135
1
34
21
45
16
126
37
36
66
31
102
32
122
83
84
210
1
53
5
11
77
25
2
22
33
56
23
34
7
6
173
168
28
18
6
17
56
105
89
200
9
81
34
14
9
21
71
79
2
40
78
6
116
59
11
67
39
90
10
19
4
16
8
4
6
57
105
129
2
12
15
5
6
29
45
101
67
11
2
103
56
24
14
72
23
2
61
15
15
210
47
137
36
126
11
137
29
1
129
52
229
40
21
40
87
6
96
111
2
48
30
17
44
88
15
2
85
47
63
6
188
61
39
241
70
122
16
40
12
19
39
67
95
81
37
58
37
55
28
4
47
98
18
101
4
23
17
122
191
47
354
164
50
15
37
26
1
30
23
35
43
73
10
130
188
24
109
21
103
56
5
39
212
9
35
54
61
106
24
3
2
5
4
9
125
112
35
29
98
158
10
51
68
38
85
37
49
28
35
25
17
8
49
5
1
3
8
18
11
38
122
86
96
58
34
72
23
28
21
50
133
113
93
77
25
25
69
55
36
102
154
49
103
104
96
55
26
50
3
34
32
43
12
8
73
147
48
21
2
42
1
61
132
22
60
78
15
18
47
19
88
61
103
11
110
24
43
68
12
65
21
14
118
6
62
53
38
13
12
39
12
180
93
33
64
19
19
97
51
2
15
205
5
44
10
45
2
46
29
57
15
2
145
25
83
29
11
51
26
9
66
92
16
52
101
12
79
144
130
200
150
41
63
26
117
103
8
13
47
29
46
58
21
4
51
84
7
144
117
133
59
74
46
110
37
121
95
50
40
2
15
3
216
45
8
15
25
13
150
12
83
32
20
2
42
36
45
4
7
6
51
166
98
87
10
8
4
15
20
137
93
32
64
102
32
21
122
34
25
2
141
75
117
40
56
27
47
127
8
9
2
11
32
6
296
101
231
119
63
104
106
99
45
79
76
10
36
24
20
25
48
38
11
44
66
38
65
101
25
6
4
7
200
112
263
85
27
6
61
122
74
1
50
29
3
7
59
64
4
92
59
107
14
29
13
64
64
48
31
22
52
49
11
136
55
20
27
60
251
80
--------------------------------------------------------
Der Durchschnitt liegt bei: 57,867000

--------------------------------------------------------