47
18
99
26
2
8
41
21
16
159
301
33
4
20
56
55
25
57
22
83
41
31
44
53
17
8
175
99
209
30
91
37
142
53
3
17
49
11
153
5
35
19
52
125
61
113
100
66
28
6
7
21
85
34
54
48
8
49
6
5
48
1
256
175
26
90
45
50
40
51
110
35
25
53
5
78
100
17
4
48
15
120
68
22
62
10
182
79
83
42
13
133
107
26
56
81
29
1
13
74
112
10
149
17
35
27
24
64
2
50
94
52
47
1
276
5
6
48
73
9
13
124
9
64
40
17
49
60
15
26
8
66
23
38
38
22
136
84
151
30
90
5
74
12
72
39
43
11
97
31
23
34
8
10
7
8
25
100
22
91
16
39
31
41
27
25
31
8
77
4
119
11
36
66
31
12
1
5
35
51
39
113
49
13
9
99
26
9
169
10
15
191
33
41
26
33
25
68
22
52
15
45
104
69
215
98
164
5
28
12
9
174
1
84
106
22
12
47
70
23
2
24
29
122
68
82
69
4
159
40
67
7
11
43
134
1
31
115
85
41
75
19
127
155
79
72
16
126
88
2
85
47
30
6
157
6
35
31
17
57
240
2
15
32
54
8
20
25
13
6
18
103
190
156
17
259
250
4
41
205
19
113
30
73
20
221
93
6
17
42
52
7
187
73
1
62
14
106
18
32
33
136
59
48
17
43
9
82
24
92
19
8
22
200
11
62
68
3
55
1
18
39
7
49
30
58
44
59
52
12
9
87
1
28
178
80
148
11
58
117
111
58
37
10
48
78
19
13
59
15
60
143
128
36
16
25
24
33
15
2
59
56
8
2
58
245
113
9
153
243
29
29
55
15
24
59
191
58
4
206
49
84
70
105
83
24
6
55
110
129
74
62
15
39
47
104
25
15
132
185
45
22
109
70
40
24
57
64
41
148
29
27
56
46
36
42
4
20
272
1
13
14
35
45
88
30
165
178
48
6
203
9
137
13
4
37
6
45
3
112
5
19
18
5
58
74
13
1
45
128
94
10
38
61
41
32
146
64
14
285
73
46
3
14
79
77
9
47
70
32
20
102
113
1
22
4
10
6
4
102
30
32
76
115
93
21
18
88
78
69
172
52
55
44
107
21
6
16
82
15
12
11
6
83
54
7
154
9
123
69
123
165
39
4
32
28
26
18
64
91
90
92
8
53
6
16
1
129
121
6
3
131
1
8
48
24
272
3
7
13
44
126
66
52
44
231
8
3
146
2
8
56
195
43
18
11
25
54
15
68
18
43
55
46
12
61
30
1
12
144
11
51
65
28
10
78
29
3
50
185
32
58
14
7
93
7
119
13
26
2
9
21
162
143
18
2
26
75
61
73
63
156
114
83
2
36
9
18
9
41
95
18
154
39
5
28
86
86
27
19
33
43
68
73
34
17
59
38
16
31
181
321
66
41
35
18
24
15
14
23
124
285
89
43
25
20
71
159
26
14
33
12
31
13
120
111
51
245
22
128
39
133
13
101
52
43
42
76
65
275
4
99
15
177
11
17
11
57
4
5
29
37
124
24
42
63
24
34
24
17
26
13
56
35
100
14
78
138
139
79
51
15
14
3
43
17
100
264
65
8
1
8
3
8
7
117
44
149
93
23
7
164
26
54
47
134
17
10
71
4
8
86
11
47
75
1
12
71
16
56
104
13
65
2
55
8
47
41
97
6
12
42
56
67
17
140
36
11
58
57
12
7
167
25
70
16
24
151
5
18
144
94
55
45
70
299
15
59
73
23
9
3
125
83
69
98
1
48
126
94
14
67
8
44
40
6
1
6
67
84
28
110
11
91
162
25
11
22
103
20
5
9
31
48
68
76
3
101
48
41
57
127
36
14
11
10
16
33
64
25
163
58
31
64
35
26
20
99
36
14
111
67
31
11
4
123
1
127
96
111
71
4
98
19
37
1
3
68
21
69
5
95
60
71
65
4
8
8
2
68
120
24
147
42
86
38
13
217
7
18
13
5
96
20
22
89
151
47
105
1
17
45
53
60
9
58
174
2
3
101
50
113
5
24
96
162
44
53
4
10
2
107
76
5
23
19
63
107
4
14
21
62
42
55
58
44
27
4
4
100
18
53
11
19
1
22
63
97
25
31
29
73
10
31
22
130
102
20
94
58
8
266
19
4
18
71
64
4
89
138
46
31
126
31
20
117
31
23
93
41
59
70
2
132
28
209
50
84
213
161
39
21
4
39
97
178
19
32
3
9
93
12
3
5
2
30
61
105
7
27
55
9
71
114
103
26
63
50
30
118
51
45
15
11
29
8
74
251
134
26
3
36
115
23
69
293
112
29
2
11
70
27
143
39
27
38
31
59
29
5
59
3
43
19
37
71
45
65
20
49
17
11
117
87
36
43
44
57
1
13
29
31
94
21
41
78
32
163
129
147
22
139
9
104
43
80
11
12
248
42
19
183
120
83
17
63
70
95
95
35
113
5
37
14
48
69
63
18
86
97
13
78
51
98
3
15
27
83
100
47
38
21
46
40
88
64
71
67
23
48
71
42
20
3
5
12
89
21
29
101
23
89
49
56
31
80
5
167
61
32
84
45
38
36
18
73
15
13
1
134
34
20
28
129
104
82
96
4
2
95
74
63
32
39
178
208
1
9
59
41
31
67
54
164
2
2
12
2
75
20
180
56
32
9
167
54
50
25
84
75
23
64
62
3
119
15
192
78
64
3
3
81
10
22
14
155
13
66
118
2
53
36
73
31
19
44
114
68
6
48
38
5
25
137
31
52
64
14
87
1
64
120
16
15
271
15
108
69
66
99
18
382
25
8
240
34
2
16
9
54
62
37
119
35
134
31
57
35
76
121
16
1
29
44
43
188
117
111
129
46
227
47
19
98
8
2
232
77
40
55
148
28
32
90
3
11
96
129
17
44
99
10
51
48
33
50
11
45
48
31
15
74
46
46
123
16
9
121
18
74
76
56
19
115
2
2
28
232
17
15
119
36
22
40
17
12
17
143
51
7
69
193
8
126
148
34
9
36
70
39
114
31
22
23
67
29
49
39
81
86
4
36
54
18
41
17
102
141
59
9
1
22
7
96
53
125
6
3
14
72
6
86
96
78
6
31
32
17
34
108
15
2
23
94
8
23
9
38
47
13
14
91
16
50
40
65
34
69
17
7
7
31
72
22
38
22
78
89
3
63
41
22
30
7
199
21
195
26
51
60
8
201
11
21
7
31
22
14
17
8
11
3
40
87
26
46
15
19
25
125
63
9
8
106
44
40
30
20
61
414
49
207
84
233
94
22
7
83
7
24
35
22
10
24
7
38
29
64
15
44
8
17
16
128
31
26
121
25
41
40
28
51
40
19
54
84
78
78
15
120
17
55
19
17
48
88
2
125
53
10
64
7
220
18
75
90
26
130
62
88
116
181
15
87
8
37
118
3
59
54
39
30
33
3
105
80
49
68
3
6
136
24
87
80
8
14
51
65
22
36
9
370
30
30
37
15
40
32
18
69
104
50
97
51
155
2
158
27
52
14
44
4
62
30
16
7
3
100
9
104
69
23
16
66
62
50
75
36
47
37
71
45
83
86
58
18
60
70
27
43
38
23
12
7
7
21
31
143
16
16
8
31
85
19
1
17
5
50
17
36
29
22
154
21
2
4
7
89
103
55
5
17
128
46
3
70
126
3
14
96
172
59
87
13
11
20
85
40
36
49
205
151
3
107
88
1
6
69
39
2
8
52
26
27
69
52
43
42
12
18
30
1
9
52
17
122
71
38
190
44
289
37
279
9
82
13
7
199
90
95
53
25
119
54
56
2
7
42
98
7
9
6
1
137
6
20
1
24
78
71
33
4
40
2
24
33
246
42
51
95
26
190
26
89
49
14
139
24
136
32
57
24
62
2
64
16
29
112
16
9
42
14
251
130
168
90
25
39
16
106
1
65
4
26
127
41
39
43
39
119
82
96
31
23
17
65
146
36
30
2
37
1
52
163
18
75
69
57
110
174
5
201
41
35
62
81
60
48
9
37
1
4
157
97
131
8
28
23
13
30
12
5
91
37
4
15
45
74
61
145
30
124
50
20
187
56
147
44
22
73
95
4
104
17
120
84
18
18
242
73
14
15
103
26
19
68
28
42
21
18
124
2
211
10
15
15
48
202
6
3
1
56
26
57
18
194
76
271
60
11
97
92
12
22
43
13
43
42
112
52
40
11
10
96
51
69
14
2
65
30
28
37
50
75
93
15
33
13
15
5
61
45
27
52
123
32
37
14
40
62
138
22
14
2
11
29
37
93
82
24
46
13
56
215
9
79
20
59
162
37
11
23
56
29
48
72
21
99
151
15
22
9
20
143
19
94
54
109
30
132
32
54
40
6
65
112
93
29
28
23
9
21
11
178
12
20
63
47
66
16
54
65
60
2
36
44
43
12
153
31
9
47
142
83
45
103
59
2
42
63
104
40
103
136
138
10
139
18
25
37
103
6
38
160
8
43
19
38
17
11
25
33
52
41
12
6
92
12
42
75
94
112
34
26
30
39
76
18
3
56
434
66
18
71
46
22
32
249
11
43
80
58
88
3
8
8
32
72
8
5
34
37
7
11
134
2
45
150
13
39
69
56
8
10
7
23
63
8
46
29
13
23
45
60
7
3
43
9
62
19
88
7
22
37
3
12
12
1
85
22
21
45
253
11
42
48
84
80
230
23
83
32
42
11
37
44
195
57
37
105
4
27
127
72
88
95
144
37
18
4
83
5
36
16
66
78
26
24
72
38
18
5
36
78
69
185
8
49
95
111
10
94
94
29
1
116
22
20
67
1
13
124
20
41
52
90
154
116
123
22
45
14
45
100
3
180
17
174
31
15
5
139
68
51
93
4
96
17
22
62
50
7
36
24
118
14
72
28
40
34
32
39
123
6
17
13
167
126
67
9
8
167
13
2
17
35
3
26
16
47
169
21
28
52
92
55
29
67
108
141
15
24
20
16
8
19
17
24
174
1
69
92
30
37
23
28
7
130
103
214
68
56
16
38
70
96
119
52
102
89
23
185
29
49
43
21
39
32
39
12
187
56
81
76
7
18
3
257
153
83
22
1
125
6
16
155
3
22
106
33
3
84
9
41
1
8
38
60
18
120
32
2
138
69
51
5
160
4
93
122
113
7
39
31
21
50
61
48
69
13
54
35
67
31
94
23
102
15
64
31
26
126
113
1
16
154
35
16
72
72
25
41
146
41
29
75
72
57
57
121
132
13
35
176
189
4
22
37
8
32
6
16
10
91
76
91
49
112
63
40
23
120
3
131
15
5
16
12
39
10
248
136
45
73
128
52
44
65
14
38
137
45
50
110
103
63
31
35
29
17
29
83
51
3
79
23
206
88
98
56
152
9
169
121
47
57
2
178
55
62
5
35
252
3
53
73
17
9
15
55
42
41
13
61
173
22
115
18
15
92
90
107
12
59
50
141
34
71
4
21
34
1
7
7
55
40
49
160
18
1
17
81
36
39
82
37
26
52
215
48
16
28
13
33
50
125
4
61
20
30
151
44
7
7
52
54
22
9
5
60
88
110
87
33
2
20
69
48
29
27
3
10
16
296
17
15
14
58
14
49
248
43
49
5
79
67
12
38
52
15
2
136
15
174
10
4
50
114
73
104
71
48
13
216
3
232
93
93
2
88
37
74
22
30
19
6
36
22
21
98
3
44
7
29
83
33
104
77
46
50
13
4
2
55
67
3
149
16
39
27
1
143
76
11
28
28
104
81
53
88
56
25
375
97
36
19
18
40
131
6
14
111
220
13
29
6
217
1
131
63
60
98
6
83
139
34
2
17
11
18
62
194
67
14
30
21
46
53
85
1
133
13
22
6
135
13
56
47
234
26
45
39
13
22
69
50
28
7
76
94
32
15
22
31
57
36
27
46
6
2
36
55
64
80
10
55
24
70
26
10
11
48
23
4
176
29
88
95
145
20
69
77
28
53
3
122
52
23
13
22
34
136
113
69
133
4
31
104
5
3
28
80
20
77
160
15
27
1
26
44
21
147
44
6
14
64
14
110
58
11
30
105
69
11
99
3
76
13
17
132
131
200
77
5
14
170
2
5
64
24
24
123
55
14
102
78
8
65
28
30
4
75
6
4
3
88
130
51
64
91
2
76
96
1
44
8
17
20
38
47
19
83
48
4
14
3
42
49
67
4
16
28
47
6
81
12
126
45
122
5
22
120
32
121
46
38
90
20
154
47
92
3
113
43
135
212
15
20
26
55
26
85
3
10
38
21
25
19
30
129
40
18
28
10
62
10
48
45
21
35
205
70
205
37
72
14
9
79
18
20
30
41
15
82
73
1
12
43
74
33
3
16
167
58
66
37
21
37
84
32
13
33
41
43
15
206
39
64
15
126
3
7
16
15
11
119
23
10
163
42
13
9
73
79
103
76
18
9
58
188
47
31
64
178
41
162
5
5
24
7
50
23
77
55
66
68
198
237
84
89
3
160
9
77
15
7
72
3
11
74
20
46
6
162
7
133
17
74
21
8
129
395
26
25
43
11
65
69
84
83
9
13
86
45
36
68
103
55
6
63
229
77
22
19
66
33
196
13
162
7
209
2
76
84
50
67
5
42
2
1
104
195
5
75
4
89
68
114
13
59
18
48
71
34
24
131
42
54
12
4
127
235
86
12
9
44
56
2
23
23
126
105
20
5
53
63
20
120
2
6
20
5
34
55
99
123
5
18
35
46
61
16
10
35
108
3
32
11
109
27
38
49
31
299
17
4
65
12
40
87
234
50
44
1
26
10
210
6
257
26
162
38
2
13
234
2
18
99
266
42
7
129
104
95
92
25
11
13
13
20
26
5
366
18
128
5
39
11
134
48
37
4
26
36
12
51
67
22
95
19
3
105
10
13
67
3
202
31
1
54
27
41
3
38
151
35
5
107
44
110
158
60
11
138
20
14
86
62
94
5
8
40
225
59
42
16
2
177
49
97
18
58
5
81
45
40
105
35
142
92
139
75
48
66
28
73
14
45
22
30
33
3
35
17
171
7
14
69
9
97
134
88
33
18
102
59
96
111
3
47
18
78
10
73
57
118
201
14
52
41
71
20
76
4
57
24
70
1
16
12
92
20
25
35
148
84
48
7
27
29
91
65
34
55
106
152
59
21
40
25
37
59
63
27
8
47
40
152
136
18
127
6
1
36
3
5
37
33
3
174
187
34
7
192
32
54
113
37
45
23
41
13
28
10
24
61
8
84
27
95
51
41
39
18
34
25
1
2
45
3
77
42
176
71
14
32
8
154
26
45
80
95
87
67
81
65
249
50
56
15
1
90
43
229
35
68
26
35
16
41
111
100
104
23
18
65
40
116
16
126
77
66
9
114
27
19
77
41
60
13
22
9
31
7
52
25
10
39
5
37
19
14
9
44
36
71
45
76
122
140
3
80
44
187
82
47
16
39
18
28
64
84
145
148
196
38
7
79
185
30
26
29
77
172
22
68
289
34
61
139
92
65
43
77
2
15
68
23
320
40
5
47
74
42
48
46
81
124
2
1
75
107
10
4
5
27
34
21
32
11
33
63
49
74
7
187
70
45
11
19
50
3
70
61
78
80
59
10
1
12
83
56
9
77
16
49
48
218
2
70
114
45
19
82
30
121
20
2
94
69
35
47
123
8
44
19
80
42
191
59
6
132
20
25
4
17
14
38
50
42
12
15
91
56
30
77
26
5
58
2
33
99
90
16
56
1
4
32
102
23
64
74
57
20
1
56
21
39
69
28
10
28
5
101
91
69
94
52
4
79
29
124
129
20
4
78
25
39
95
34
154
227
40
121
44
9
11
3
11
268
34
33
46
1
140
5
4
26
54
18
73
4
64
132
35
13
11
180
60
49
116
14
57
30
16
59
14
149
21
46
26
15
68
44
13
52
71
11
17
14
36
6
62
27
181
15
30
41
9
38
37
40
8
82
31
29
3
13
24
50
48
1
2
12
68
109
11
34
91
25
23
17
3
36
13
23
1
73
23
158
14
82
25
43
222
38
163
52
7
17
142
1
30
25
6
138
12
51
34
4
28
157
23
72
67
18
57
56
1
11
12
37
37
103
61
137
75
1
90
2
21
40
21
27
67
63
69
42
14
80
21
9
25
131
56
44
25
117
44
48
86
30
63
98
87
66
57
8
73
43
385
36
21
34
24
25
35
11
21
47
84
15
70
67
2
38
36
6
38
72
148
179
22
76
16
5
153
141
42
10
25
6
47
13
86
1
66
16
18
66
12
176
165
5
40
1
31
2
71
22
2
58
133
8
34
72
90
43
47
30
96
16
20
42
39
94
54
24
28
124
33
58
11
55
22
68
48
14
37
127
95
98
69
83
149
10
129
59
3
106
69
10
3
29
130
11
12
17
17
8
8
13
89
90
38
56
1
32
85
73
200
8
10
10
1
71
110
92
75
37
6
67
36
57
242
12
52
58
6
16
49
42
99
26
91
20
36
11
27
103
87
207
56
11
36
85
53
90
16
170
68
64
56
14
19
6
145
56
69
38
17
61
4
137
10
102
107
41
24
8
2
1
155
10
153
24
23
53
27
27
180
9
103
22
20
26
47
113
163
17
175
150
24
9
175
139
54
93
12
4
32
138
47
38
7
7
82
7
54
52
24
95
73
47
200
129
116
81
29
6
45
28
13
7
22
85
35
74
30
23
17
76
3
140
30
130
103
59
155
17
15
32
46
3
9
57
97
1
13
2
40
56
129
51
2
44
55
28
223
82
38
17
137
8
47
73
44
70
70
2
16
16
47
84
139
22
16
54
86
24
38
7
24
7
2
10
216
50
57
147
28
21
82
78
4
68
56
28
18
82
61
50
110
142
111
5
18
10
6
66
27
6
41
38
67
94
159
7
52
9
36
89
2
2
110
16
9
123
63
24
113
82
128
4
38
55
4
67
313
46
39
42
21
32
7
34
26
61
9
21
54
51
67
19
229
10
77
55
150
39
159
15
37
34
49
45
295
16
160
12
8
83
137
141
65
6
5
39
91
7
90
72
74
3
14
44
11
468
9
25
20
3
113
31
5
35
21
45
55
101
35
21
167
19
52
8
33
67
132
15
27
12
19
276
61
105
178
133
124
7
2
19
54
120
73
33
66
8
177
20
42
8
40
36
124
61
20
23
242
4
117
39
1
117
73
12
93
73
57
9
146
36
53
46
10
88
66
25
70
5
107
37
89
106
74
10
100
76
34
1
117
18
31
18
9
31
2
107
77
12
35
47
93
12
2
87
19
9
21
11
14
17
31
48
13
166
9
30
61
18
14
3
13
7
118
12
93
43
12
23
31
3
58
67
28
11
63
149
94
74
18
15
11
202
82
108
194
168
6
81
11
86
145
18
79
47
6
10
55
31
121
45
30
8
65
23
137
27
3
71
18
24
46
23
1
58
39
164
47
19
40
36
111
34
327
73
46
29
15
63
66
172
79
6
21
84
63
84
181
50
15
50
10
22
28
11
27
31
118
6
51
2
15
124
97
47
111
50
32
38
20
101
104
28
3
26
15
17
26
8
54
46
39
6
10
6
25
29
207
77
77
4
55
66
91
113
5
177
5
84
13
104
9
52
14
49
13
167
73
14
2
194
76
81
4
14
9
5
12
26
49
156
114
163
35
35
17
37
8
10
82
1
147
30
181
45
94
15
17
2
7
54
28
22
18
86
73
14
132
38
160
57
36
38
133
22
164
88
130
47
143
55
35
27
52
6
34
61
27
9
24
72
7
165
82
147
13
52
27
17
13
38
73
3
7
50
2
119
16
114
26
4
80
43
48
62
109
7
31
204
70
20
118
27
27
2
74
30
22
15
229
163
42
27
64
8
63
161
29
9
31
57
2
66
1
7
20
36
51
66
21
46
57
15
34
93
83
28
13
46
60
8
80
32
25
191
5
3
105
90
7
156
64
46
95
106
24
135
43
34
6
12
47
16
4
98
7
24
15
13
8
177
10
63
69
42
15
30
7
24
15
84
11
61
43
21
4
180
2
15
6
67
66
15
93
488
50
32
8
16
3
35
62
4
190
10
87
11
97
5
56
5
23
196
60
47
18
25
3
59
20
85
101
14
16
181
18
48
200
57
5
206
62
48
34
6
51
136
8
57
13
22
171
78
41
31
136
16
85
92
5
58
26
92
12
29
53
117
78
7
92
52
1
37
14
171
34
7
2
24
86
13
84
17
14
106
139
68
27
167
47
11
38
135
58
79
53
32
40
5
4
147
39
8
57
6
108
11
25
236
33
122
63
41
1
40
44
29
48
194
64
21
11
168
79
32
52
53
9
41
18
205
160
33
62
15
142
8
79
29
60
170
9
11
114
31
23
23
29
57
17
84
86
14
9
139
81
40
27
153
102
20
76
14
26
95
75
26
102
39
75
81
45
76
98
115
71
44
19
26
109
54
22
72
50
20
66
141
39
177
96
5
80
47
38
22
102
69
23
81
7
38
64
144
30
35
145
14
10
139
51
39
81
113
3
50
78
43
58
33
1
85
2
20
22
76
52
71
274
35
11
23
276
8
24
33
42
23
36
3
82
28
15
3
27
11
76
107
229
19
15
13
27
19
17
25
42
84
13
63
262
17
40
209
94
1
206
30
74
24
142
38
136
22
67
165
19
30
28
71
146
108
62
89
16
7
82
18
7
42
35
41
103
60
65
11
12
77
34
36
55
29
141
142
7
42
87
23
36
36
135
4
7
64
16
29
33
10
18
14
93
4
12
41
89
71
163
14
93
31
45
118
82
54
8
17
3
24
86
169
179
31
22
65
24
60
66
4
19
32
27
37
154
67
42
98
314
1
246
4
9
8
27
15
43
21
214
81
54
7
25
81
73
12
126
17
38
6
6
39
15
4
9
1
98
128
12
55
64
36
14
35
14
8
52
4
6
5
109
60
74
27
21
117
184
21
224
37
36
9
2
38
53
53
19
44
95
45
6
254
86
17
25
13
30
18
99
107
98
184
22
35
16
3
35
7
21
116
23
6
46
83
3
17
18
72
28
5
15
35
83
16
126
189
34
23
59
100
105
13
268
79
17
8
1
19
52
51
2
28
9
427
94
66
12
28
9
44
30
66
15
80
10
155
51
96
107
45
2
64
151
47
35
94
29
93
114
12
46
15
64
126
19
6
125
22
88
40
61
149
65
111
12
45
26
26
202
16
11
129
39
5
40
10
15
10
149
1
26
18
68
104
79
304
183
47
15
41
38
112
38
19
9
59
7
10
50
17
34
106
83
8
40
53
249
3
47
164
26
100
32
21
12
311
18
69
65
74
73
69
43
41
31
31
64
11
103
5
37
144
81
134
226
81
7
4
70
299
14
21
110
9
21
103
77
52
33
34
97
93
36
32
17
10
46
103
73
48
42
7
42
69
34
75
15
22
134
32
72
82
13
2
34
52
87
25
25
12
15
72
21
39
1
259
9
6
342
34
4
41
51
51
99
22
22
24
54
1
32
69
145
7
48
19
112
28
105
37
84
84
39
70
25
25
47
54
32
41
71
47
29
27
56
58
99
11
22
29
37
19
295
28
139
122
71
15
120
28
76
96
24
7
10
77
18
19
24
12
46
6
12
142
2
17
63
330
1
70
102
27
66
107
65
78
77
57
29
69
43
104
3
72
14
11
33
145
23
128
75
38
43
22
15
20
96
30
8
143
257
27
24
52
13
30
1
72
200
33
17
88
142
10
24
54
35
1
30
26
113
32
48
28
28
57
31
7
11
60
131
96
118
48
30
41
42
12
25
47
15
42
14
43
87
6
123
321
208
156
58
175
18
164
6
9
2
170
46
27
48
16
89
9
83
52
80
12
56
21
10
38
15
49
137
10
18
10
27
1
267
174
32
77
56
128
112
70
18
24
4
31
62
14
27
44
123
14
162
1
35
3
12
8
4
65
3
144
3
63
46
97
66
194
1
91
28
41
79
50
123
84
13
41
30
17
122
117
142
30
78
86
143
26
63
14
10
93
28
24
42
15
120
2
2
27
15
89
27
195
52
69
77
142
123
101
29
36
31
17
26
2
106
63
77
105
16
24
12
10
61
156
3
77
39
77
36
20
227
58
35
51
26
22
84
59
76
20
18
92
59
39
6
81
47
26
113
125
22
24
8
72
12
18
134
1
62
165
35
89
6
18
8
44
22
9
31
34
16
52
32
92
64
34
52
57
151
185
187
2
3
41
81
127
32
80
29
30
12
88
1
145
101
169
47
26
176
61
33
34
72
59
24
32
5
15
82
10
79
11
27
148
180
153
107
70
23
2
46
175
30
45
86
34
128
100
34
11
89
27
2
41
305
152
124
43
61
29
87
15
20
22
29
14
43
12
119
193
1
81
62
39
87
16
89
21
150
24
168
86
27
17
114
12
27
78
154
39
225
102
97
63
87
42
87
17
26
51
27
8
26
13
11
129
74
23
52
18
13
49
44
143
15
1
35
26
62
16
137
25
26
16
33
174
4
24
39
82
11
7
134
128
4
97
26
2
125
91
29
28
24
3
26
52
15
9
21
116
63
13
39
50
43
110
27
82
12
12
78
69
3
18
70
5
36
135
52
177
54
49
27
78
16
39
20
132
2
1
5
69
112
41
74
185
18
70
42
39
68
41
143
18
45
4
94
10
42
25
23
33
94
39
11
210
3
28
18
97
42
79
118
75
79
40
4
46
51
22
79
154
134
20
6
22
46
21
9
30
28
3
7
15
49
57
75
11
121
17
37
19
66
26
42
116
25
129
39
10
30
61
72
28
9
143
37
33
161
241
1
75
6
33
29
122
23
1
4
36
3
170
143
60
27
54
21
173
31
51
182
78
20
2
9
73
4
14
11
42
5
2
6
136
135
28
35
5
12
29
172
4
34
2
109
11
50
54
44
50
19
19
81
90
15
295
21
47
7
78
16
16
24
54
79
8
2
1
22
36
23
26
77
36
121
12
160
67
19
2
127
48
51
71
12
21
9
352
31
64
181
34
13
108
34
28
14
174
112
56
48
16
89
78
33
74
84
6
59
38
179
49
12
5
36
101
80
22
18
52
70
2
76
58
20
54
39
12
76
8
73
30
97
6
18
111
14
59
72
231
133
79
9
4
51
18
168
41
42
39
5
188
33
80
18
14
67
38
12
152
33
16
170
27
26
34
110
27
50
70
92
25
37
55
86
18
14
19
75
156
232
57
26
140
42
56
57
64
90
45
12
41
95
22
25
47
34
97
11
18
20
29
88
14
22
231
66
164
12
8
6
230
65
66
44
28
13
150
124
66
56
33
97
176
31
36
31
61
40
27
27
55
11
56
74
45
22
14
2
43
34
99
221
4
5
10
14
120
3
9
63
7
34
4
50
34
155
7
84
9
4
29
176
25
32
71
37
17
27
123
78
19
2
53
79
6
99
27
149
71
64
21
34
109
27
23
23
4
60
48
54
62
8
35
27
74
311
57
1
37
5
75
6
24
60
5
9
93
40
7
22
167
1
104
63
8
6
24
12
18
37
31
173
12
190
353
8
24
55
62
30
138
37
5
40
17
127
43
30
103
73
73
63
29
19
11
53
119
55
51
59
30
2
91
21
51
1
2
33
63
3
10
18
128
26
10
102
10
34
16
33
53
111
89
51
6
117
47
213
11
113
2
11
101
54
8
160
38
4
11
22
126
109
56
14
57
34
18
33
199
12
129
88
22
20
139
50
15
10
17
87
40
43
28
85
57
25
16
91
18
77
13
25
8
151
12
19
3
62
14
33
135
92
25
34
13
238
4
38
5
95
18
54
47
51
8
8
108
10
7
53
92
69
23
138
42
25
79
118
33
68
179
35
141
51
89
61
5
12
19
7
97
54
104
34
39
103
101
45
40
11
40
48
15
26
15
80
31
6
15
47
59
13
65
167
121
213
67
54
15
29
23
81
1
173
37
39
19
60
92
40
158
22
45
169
26
6
6
82
65
90
105
10
70
33
40
3
23
45
56
9
236
85
16
36
62
28
11
41
60
43
114
98
33
22
27
19
35
88
10
193
22
2
11
51
77
1
136
25
53
54
103
2
27
41
81
45
85
19
17
21
65
9
3
39
39
11
76
89
55
17
105
8
154
118
74
27
98
14
42
108
4
7
26
132
10
87
22
77
47
83
84
6
33
47
80
131
82
35
47
13
33
31
85
136
141
70
27
39
13
10
34
5
13
54
58
38
32
24
25
92
19
161
86
122
113
57
41
39
79
116
181
21
9
34
144
160
100
377
75
8
31
17
79
9
26
99
107
83
37
67
46
19
25
8
198
57
55
59
71
45
20
31
28
18
47
33
29
63
7
38
6
14
91
62
25
178
25
1
111
207
17
13
1
29
81
106
24
42
54
138
99
74
66
19
101
11
53
20
30
72
81
106
5
59
54
29
31
85
4
141
45
53
30
55
18
31
73
31
107
140
95
16
14
2
23
25
115
41
39
2
2
142
81
102
43
46
6
31
1
1
15
46
181
17
98
4
4
4
40
13
211
34
37
18
73
42
25
31
143
16
53
5
99
6
157
2
46
90
153
64
55
50
22
58
21
10
66
48
53
37
27
1
52
30
12
21
61
89
36
21
97
10
64
56
60
93
11
72
2
68
101
91
55
14
26
50
16
64
18
99
38
38
4
2
39
28
71
57
23
37
141
23
296
204
88
9
60
52
22
27
21
57
50
54
236
62
7
16
115
76
70
75
23
4
47
39
103
2
68
84
5
35
2
38
56
21
31
3
166
98
64
27
89
50
77
29
35
37
17
105
88
63
12
5
170
142
25
12
37
35
31
30
81
27
98
235
38
67
17
8
24
92
26
14
31
145
1
34
16
73
98
29
196
31
2
28
35
92
33
140
36
72
11
8
71
172
69
168
3
32
57
56
47
4
60
67
126
95
34
100
116
62
42
6
26
34
6
104
141
40
119
48
183
69
20
1
111
119
2
33
17
18
53
3
165
48
4
35
30
41
5
55
20
75
33
31
143
78
5
5
127
14
2
27
36
172
5
23
52
55
38
96
68
4
130
23
25
8
2
28
27
164
5
54
23
10
36
118
57
28
2
56
50
32
15
26
19
48
9
15
85
11
74
1
17
39
30
21
544
85
64
2
3
88
30
20
43
123
46
6
53
36
48
2
1
77
140
52
14
4
106
17
32
17
54
22
43
66
69
174
112
13
40
157
63
30
33
99
57
245
120
2
8
26
85
38
76
18
126
54
9
19
13
50
101
95
83
78
32
141
38
75
26
7
10
65
2
52
53
52
132
24
24
3
61
12
43
6
23
77
71
30
109
52
136
119
5
71
4
18
10
29
8
92
61
95
24
48
111
9
59
82
128
15
36
48
69
43
20
56
24
32
181
18
13
100
11
86
76
66
64
94
34
94
50
64
39
12
49
60
87
28
47
83
6
132
15
23
20
164
6
16
27
89
114
68
44
80
23
137
6
18
18
5
4
74
109
26
65
65
47
70
71
8
76
72
304
36
26
78
14
117
49
174
2
20
12
14
27
4
33
24
68
96
100
13
173
143
18
8
49
45
7
48
6
122
2
58
141
59
92
239
76
5
7
125
8
39
221
62
18
116
24
80
113
29
3
206
51
10
16
11
73
57
94
52
28
154
12
15
24
122
72
32
4
38
7
46
50
28
136
1
52
1
159
14
109
55
87
1
13
20
71
96
176
5
20
60
60
66
26
44
65
53
32
63
106
120
48
1
26
4
34
8
134
18
11
56
79
4
96
74
32
16
23
1
193
121
27
95
1
58
4
180
16
27
65
20
94
23
125
1
161
383
43
112
17
96
45
17
146
15
14
14
427
16
16
16
77
24
7
120
34
105
67
5
8
24
21
86
16
35
84
35
32
3
42
7
9
14
100
30
67
15
25
116
62
72
2
13
18
71
33
6
73
47
66
108
35
1
17
29
36
42
119
6
15
69
29
53
37
168
24
51
62
4
7
24
17
141
58
20
3
5
1
160
25
9
104
160
31
196
23
208
69
227
79
8
26
10
41
75
8
45
72
105
57
43
187
5
49
31
78
4
82
92
77
35
4
63
40
3
20
1
3
85
80
43
17
4
37
31
99
31
56
38
103
87
337
104
35
11
30
74
39
45
116
1
54
6
43
15
37
6
107
135
29
28
55
35
3
16
41
43
81
84
86
114
9
62
85
45
110
28
2
46
19
116
43
56
72
27
65
96
5
49
3
15
26
14
31
116
12
14
255
29
19
65
262
101
18
54
49
45
259
8
45
99
139
89
146
35
8
71
32
146
12
7
11
4
31
18
109
8
23
75
15
90
95
23
63
196
21
13
35
38
2
74
16
46
51
17
11
46
50
24
106
3
15
6
10
171
13
1
65
129
134
80
151
15
18
72
3
92
46
45
14
70
62
22
167
92
197
27
42
34
63
17
8
32
16
19
86
56
55
22
46
14
59
84
13
155
5
118
23
100
43
68
111
31
88
8
235
8
1
27
3
47
32
53
12
6
58
21
129
117
44
3
91
19
29
53
1
29
8
220
66
10
88
25
81
43
10
43
36
82
4
26
24
106
110
62
12
160
3
31
2
5
29
57
6
26
31
104
41
17
15
37
55
105
85
24
31
70
25
61
198
15
17
49
17
2
18
79
13
36
33
32
89
19
28
4
155
81
246
27
134
149
83
14
5
63
143
63
95
178
62
34
24
1
138
139
17
192
28
3
2
22
15
81
62
85
28
74
91
128
4
1
21
21
40
8
8
52
1
88
13
3
182
31
40
9
28
11
11
11
26
135
91
19
36
44
42
9
18
14
108
124
28
45
26
94
103
16
214
75
27
73
19
16
80
37
80
50
131
35
37
167
121
41
20
8
10
5
15
96
16
6
29
7
61
83
27
210
14
129
7
132
45
13
15
5
20
2
22
10
175
241
98
27
153
46
70
16
48
29
53
160
157
18
29
78
58
11
41
16
53
48
72
96
5
18
81
35
50
73
1
3
36
21
151
84
146
85
33
33
295
105
26
13
50
27
112
29
14
44
26
9
84
4
71
77
74
131
54
183
90
39
236
167
14
45
16
8
155
12
122
60
12
60
68
87
2
10
100
14
50
68
232
37
18
42
119
23
89
18
30
51
25
131
18
115
18
36
29
111
108
61
12
26
51
15
90
85
8
36
15
77
39
60
76
29
3
4
17
30
35
33
35
28
51
41
69
214
35
3
324
10
90
118
42
108
18
2
29
4
38
64
37
231
26
25
2
41
57
18
25
84
17
38
9
75
93
53
114
130
89
8
16
24
174
120
1
80
34
126
90
34
21
42
87
40
3
137
1
64
176
215
22
48
9
2
46
41
54
69
38
6
54
105
87
10
7
181
156
20
55
180
21
1
22
49
92
28
8
34
31
36
11
134
66
29
126
24
2
49
2
22
240
20
22
18
39
26
93
23
48
30
127
177
17
27
9
17
33
62
39
17
4
22
44
24
54
1
24
22
81
128
16
29
74
17
38
10
89
190
145
339
34
4
232
1
25
12
66
18
24
1
5
96
141
100
48
231
58
28
40
185
342
12
21
2
61
2
33
92
2
30
55
156
54
49
12
31
24
5
25
5
23
12
56
32
51
8
70
103
9
25
12
69
43
114
51
8
31
6
12
48
156
23
12
35
59
8
54
195
139
9
10
16
5
70
71
29
131
59
5
15
14
115
35
118
8
4
22
5
209
54
55
31
125
38
89
58
18
39
8
88
35
240
45
8
65
21
9
126
2
35
54
130
24
30
77
14
18
15
87
112
22
66
31
80
59
9
27
10
23
65
7
98
51
23
124
6
21
55
30
82
14
1
5
81
45
103
116
86
58
81
20
120
10
9
73
39
64
86
173
94
11
88
7
36
110
25
19
5
46
89
12
5
85
28
27
85
138
31
23
49
40
12
22
41
42
69
3
59
5
18
22
42
33
52
56
119
8
61
1
44
52
20
11
34
68
8
86
2
64
49
31
101
124
333
2
25
20
106
100
173
49
128
46
244
82
126
13
30
46
83
52
13
115
263
201
91
26
19
204
30
122
44
80
3
26
30
50
56
151
51
48
173
43
42
80
59
32
35
34
11
168
24
36
4
61
60
51
5
129
10
50
89
4
61
32
94
12
41
146
16
119
28
125
79
13
16
61
93
5
3
307
102
198
182
26
16
7
39
43
33
49
207
123
193
13
2
9
22
23
76
6
53
158
165
11
11
26
97
29
82
99
25
15
26
71
94
12
3
20
5
8
9
87
2
5
70
30
22
67
34
27
8
19
70
7
11
127
171
19
47
157
8
6
37
83
8
30
36
40
8
14
73
46
36
17
54
15
5
1
37
28
1
13
17
20
58
39
5
3
39
23
93
40
170
58
5
105
82
12
61
74
1
11
60
36
126
20
35
22
33
57
58
171
50
30
24
62
109
2
84
115
3
10
47
21
30
16
73
82
36
97
9
5
17
97
201
170
16
37
2
28
31
162
198
58
5
49
85
3
16
28
22
32
156
60
33
68
64
4
4
24
12
6
40
57
1
70
1
9
34
19
171
104
43
43
12
68
14
3
6
46
7
112
28
1
11
188
83
91
94
55
4
38
67
71
15
48
2
151
56
41
121
44
55
78
44
15
24
14
135
37
168
1
7
111
5
47
54
36
155
47
81
204
112
15
134
37
49
15
21
77
10
95
100
57
1
15
11
38
21
100
96
14
88
56
19
4
134
37
15
37
70
27
4
210
53
43
3
4
25
376
31
3
45
111
21
106
88
5
42
12
145
6
46
25
10
1
31
209
25
15
163
44
8
18
1
35
168
25
5
6
18
55
59
9
40
53
33
90
96
7
44
47
4
14
5
4
15
12
50
23
10
65
34
85
1
41
36
68
79
147
8
20
87
159
26
69
41
77
2
47
61
36
66
142
22
32
135
22
72
18
73
61
137
133
9
6
3
73
37
31
168
8
25
17
83
10
188
62
94
9
3
57
29
270
129
17
37
28
101
51
51
4
20
50
40
35
128
34
23
6
108
1
82
110
135
53
76
132
5
81
36
59
5
64
149
27
5
79
210
27
129
159
47
277
191
118
26
10
9
3
1
11
2
6
181
71
9
8
67
212
115
41
6
20
47
1
3
53
66
49
196
9
7
53
66
13
53
19
70
65
13
4
23
40
31
3
1
23
42
9
22
6
257
36
62
129
33
57
33
139
4
71
59
199
224
7
21
38
26
123
71
37
42
27
27
43
47
181
36
301
121
3
126
84
146
40
8
30
61
24
35
80
61
84
43
53
80
5
230
76
87
6
9
10
3
33
34
113
37
112
45
19
25
180
25
88
58
52
67
149
137
112
111
37
119
27
83
5
101
48
41
80
16
2
25
6
80
35
102
30
163
63
180
32
55
8
73
14
150
197
146
7
40
104
3
67
23
65
45
17
34
43
26
100
17
20
47
24
69
75
161
64
20
2
2
11
37
137
58
50
47
6
114
2
66
47
9
339
29
1
29
30
106
138
94
19
7
7
6
135
2
1
63
37
31
47
41
10
23
95
23
17
158
65
16
52
61
119
24
137
132
95
103
34
70
172
17
51
29
61
7
23
2
43
6
107
82
15
31
40
85
2
22
16
151
23
9
42
10
22
76
50
42
123
13
100
56
6
54
70
7
99
93
47
57
9
5
70
56
17
22
37
5
89
54
55
6
283
86
128
53
39
32
31
34
44
5
67
31
33
23
34
80
87
4
5
18
48
13
27
19
66
46
25
32
28
26
11
184
88
49
13
2
194
36
17
45
12
28
73
15
20
16
34
83
74
63
162
30
4
3
236
43
22
199
85
145
8
28
30
48
34
124
2
12
5
38
16
145
46
22
11
100
22
21
61
17
152
16
32
48
46
1
67
9
9
93
48
64
4
13
14
50
168
97
27
27
147
26
25
76
92
3
45
9
30
24
53
18
121
30
134
151
14
149
55
62
29
28
46
5
124
71
14
29
104
15
19
116
143
39
12
112
49
7
19
6
21
63
27
63
137
122
7
151
90
54
7
14
13
65
89
29
31
101
12
310
3
233
33
5
112
71
236
12
19
6
27
109
2
8
21
36
26
52
124
27
217
91
102
5
67
11
141
44
24
27
31
175
4
157
119
21
50
2
7
7
100
44
35
176
92
30
24
87
36
40
11
269
73
66
21
6
38
33
4
11
70
29
163
18
62
167
25
128
23
6
29
125
12
56
110
246
87
5
7
26
225
18
14
2
13
213
36
242
31
19
58
36
123
91
21
71
3
121
197
4
91
69
3
33
62
100
24
51
3
7
186
63
62
23
84
52
58
91
19
34
80
10
13
30
2
61
157
224
67
20
76
27
53
32
85
19
39
80
26
192
27
43
1
7
105
52
35
19
9
81
41
43
10
48
12
8
132
69
10
60
43
21
31
6
13
294
265
90
194
28
45
14
36
159
23
29
3
16
4
10
76
23
90
4
32
12
104
18
40
63
74
92
62
18
115
183
29
27
77
130
18
71
21
5
130
7
22
49
15
64
24
2
92
84
1
14
59
21
44
24
8
46
5
2
14
132
45
37
80
28
26
23
20
84
39
20
159
278
23
66
22
21
22
91
34
64
268
35
35
12
15
3
42
62
328
2
13
47
114
58
9
13
13
68
48
19
72
52
116
108
51
22
12
11
26
85
15
21
14
34
52
193
11
33
13
9
38
104
49
8
16
34
64
11
202
48
9
22
109
18
145
52
21
5
74
3
12
17
84
45
165
52
91
3
63
28
56
34
11
56
2
8
10
29
89
42
45
97
10
95
53
73
140
39
4
50
57
45
141
18
42
31
73
79
1
167
21
42
171
124
11
69
2
34
45
35
2
13
104
44
22
1
33
52
128
108
26
74
18
31
121
91
4
40
6
54
14
69
88
29
183
31
131
66
91
26
17
31
88
95
31
48
106
31
102
45
58
176
86
11
112
166
42
25
28
88
22
92
25
43
21
13
197
33
43
20
17
1
71
40
103
22
193
39
4
13
71
92
29
31
2
129
90
15
2
54
34
2
35
75
11
33
51
70
27
91
96
6
35
23
109
118
23
85
67
8
84
69
47
18
41
139
20
191
36
23
43
47
82
23
16
28
11
68
61
7
5
129
244
93
32
4
86
17
2
9
32
101
15
94
33
46
49
22
2
47
36
106
76
89
31
65
70
119
188
18
81
172
99
7
11
52
97
102
1
25
47
2
139
194
63
40
2
154
40
107
35
27
46
145
44
43
36
39
93
76
105
149
25
12
125
33
10
58
28
89
80
12
230
48
13
59
23
40
89
34
30
29
8
18
118
10
8
2
56
67
87
8
32
101
17
42
113
282
19
48
13
54
58
13
24
27
30
49
59
50
102
53
58
109
51
34
40
10
155
125
56
18
26
3
19
56
62
51
45
67
24
367
57
82
179
142
107
65
285
12
15
55
19
99
12
22
92
88
157
65
6
64
31
61
110
154
41
97
12
21
71
98
53
75
67
1
47
173
19
170
129
166
24
15
44
5
6
29
138
4
3
40
16
11
190
203
16
31
41
72
7
27
6
2
339
66
207
31
48
52
109
64
84
247
15
84
76
9
47
61
8
79
43
26
62
58
108
32
84
96
162
23
47
29
61
47
60
151
124
46
256
82
122
1
112
7
251
60
36
25
141
98
2
34
89
17
195
36
46
24
103
43
34
6
152
87
24
8
80
16
27
90
75
24
41
84
37
4
14
3
9
142
5
179
126
44
7
32
55
52
17
44
149
116
3
44
7
29
97
5
101
15
47
215
24
46
71
8
42
21
3
54
116
33
1
80
103
13
40
95
42
53
199
45
23
21
96
45
10
8
48
8
107
79
12
59
25
62
33
32
117
66
60
10
69
13
14
5
3
48
120
9
31
4
25
9
101
55
187
67
62
42
86
30
117
94
44
76
26
49
27
19
58
57
50
40
29
19
2
34
52
73
20
115
33
18
6
263
50
29
24
4
90
10
18
80
119
114
20
25
33
39
34
13
36
77
83
88
97
95
86
19
3
4
27
12
30
6
61
23
8
70
64
3
71
2
77
69
9
25
5
78
39
76
51
104
2
9
254
9
5
25
75
10
77
69
27
67
5
84
87
58
27
80
87
60
68
68
42
12
33
5
66
92
17
25
17
32
52
105
43
44
4
6
20
77
54
269
7
80
12
21
23
5
116
14
38
204
10
25
82
118
17
77
188
54
54
30
13
6
15
25
43
27
16
12
7
69
10
62
93
270
220
29
145
167
34
102
14
90
7
92
6
223
15
162
4
54
7
57
19
94
77
40
11
20
63
340
104
90
68
216
14
4
102
85
51
17
62
3
24
10
13
48
12
75
32
2
115
14
201
45
7
43
3
150
22
99
21
4
64
125
42
41
32
66
35
26
3
34
60
51
140
78
5
27
81
87
2
105
12
94
60
3
51
69
100
34
60
166
24
19
6
186
6
156
52
24
236
2
58
143
71
55
41
34
10
95
59
21
259
19
10
170
162
116
52
23
96
16
51
55
1
47
88
35
25
70
1
101
4
16
48
50
90
37
54
78
19
18
70
--------------------------------------------------------
Der Durchschnitt liegt bei: 56,592000

--------------------------------------------------------