42
126
64
64
28
45
90
59
24
4
5
27
31
9
40
19
103
24
27
74
42
114
20
26
72
83
101
26
98
8
66
8
18
45
69
121
81
54
67
71
4
14
149
2
40
1
212
17
26
183
26
31
35
41
85
32
68
1
38
63
29
30
30
55
124
17
71
35
1
21
20
30
130
18
46
88
17
10
104
4
50
42
94
174
39
22
16
26
82
112
55
24
11
18
82
76
47
21
2
26
--------------------------------------------------------
Der Durchschnitt liegt bei: 50,620000

--------------------------------------------------------