2085
228
147
2150
741
328
2480
1613
2382
701
1955
364
938
745
509
1437
886
71
546
5826
394
2722
1871
151
1045
101
157
180
45
999
3364
73
2161
316
308
42
119
214
917
777
264
980
1687
309
730
63
661
1123
1014
1614
28
1227
303
969
107
1519
2909
79
2106
815
737
989
423
17
2472
484
619
1836
703
1873
1182
1808
244
398
1661
1187
455
357
363
137
418
532
1702
2792
2581
930
143
3034
267
154
1061
908
534
2985
474
2375
468
2455
508
1382
--------------------------------------------------------
Der Durchschnitt liegt bei: 1042,430000

--------------------------------------------------------