1470
225
227
186
22
175
759
819
602
105
2464
321
567
1318
1636
112
396
2263
267
1824
782
1199
354
317
1125
16
1970
268
186
1846
4238
1431
1216
298
2965
70
96
88
902
323
4957
1940
79
352
375
662
2063
488
196
1218
516
1060
1936
3476
213
405
2432
1513
1247
871
445
1426
1176
1089
2264
658
729
596
405
962
734
1065
1920
265
747
271
97
1190
698
391
135
190
1725
504
545
1190
319
5113
293
692
1438
765
1071
889
186
672
923
7091
92
1089
1376
1840
792
35
1406
553
2671
360
710
1237
828
2963
1068
1418
13
1078
1350
2448
783
27
18
2006
2039
1020
655
73
1998
1137
2997
1523
2386
923
1896
413
2125
224
89
2235
1608
432
1573
1608
487
393
284
333
635
982
65
717
907
2996
1080
1806
88
1123
831
669
2957
4156
477
2588
1163
322
1426
1291
505
702
1133
1026
1181
2072
679
656
994
614
600
111
952
514
2257
1400
1134
305
1508
424
1149
463
580
715
163
3658
70
1111
425
1846
771
1415
143
698
1025
1138
448
66
600
3547
277
1705
740
2304
1331
3022
1912
1151
1037
407
434
570
667
582
190
1609
134
888
633
963
3189
542
1181
1346
1192
2166
872
3234
78
350
413
1601
1043
2088
306
503
398
9
1487
641
268
2
171
668
1896
1284
1323
431
611
4664
305
231
3164
419
367
3068
1777
1587
1195
1679
2
1012
1092
23
59
776
127
471
383
413
433
956
7105
246
73
541
683
360
707
677
6291
1208
479
22
879
6388
423
2368
2734
478
1147
878
876
760
405
1358
3073
696
118
628
2747
823
151
154
414
1338
898
1623
1811
1283
594
688
204
3537
1151
349
231
214
17
107
1150
1652
51
4803
401
3568
108
855
807
359
104
2210
292
3312
2021
90
3611
1225
713
923
1682
261
3168
108
3
3524
1747
303
1594
190
286
602
359
286
474
610
178
3388
1711
384
425
1101
117
484
1457
329
947
2515
983
671
4229
685
2669
714
1187
216
179
178
2983
647
1544
2106
1383
209
839
85
2712
1093
521
777
628
546
183
516
1323
1019
1370
4965
2012
795
63
542
376
92
369
2625
48
217
2711
1578
1305
152
2971
896
793
358
292
827
179
1881
82
112
77
238
2297
888
190
329
1407
559
446
1815
730
569
518
2010
177
2926
841
2000
996
572
126
2443
154
908
711
948
302
822
857
2386
315
418
52
2006
1369
1067
512
279
223
31
905
1531
810
814
665
386
60
201
907
4359
1079
720
427
160
2450
451
759
298
445
1015
296
534
868
1273
666
280
737
2135
141
469
2590
241
51
4911
2040
35
740
984
106
740
321
1572
1446
443
872
853
1353
548
3
418
1149
391
2549
192
1939
1580
190
1119
700
27
2644
584
228
208
1518
1139
778
127
295
103
366
3764
179
94
2443
836
2250
722
190
442
371
1234
853
106
58
622
898
1236
841
269
389
179
486
621
1834
920
2007
476
1467
242
2248
872
75
1915
45
919
320
273
255
167
124
731
1366
574
72
816
1272
502
264
3097
559
1324
215
44
137
415
703
964
1498
2100
492
702
2228
754
394
663
434
2201
919
935
4124
67
934
244
647
470
328
503
231
528
1477
1652
6
1718
688
33
213
1155
1394
911
977
23
666
480
819
2234
125
60
1301
1662
75
126
51
264
928
74
1240
313
580
1591
68
1166
223
1008
1058
2225
2491
1673
1268
1625
2342
2141
2806
949
274
78
2197
174
614
1650
615
1516
2840
683
1104
916
365
128
2227
239
819
1837
619
1519
395
490
1832
194
1177
412
2095
13
261
716
249
380
630
1357
2155
1055
2152
555
1162
639
2541
170
10
60
144
1803
443
1657
938
261
116
615
154
330
662
2448
608
132
6390
1102
1634
1091
203
782
294
419
3829
576
949
1719
241
219
1026
682
710
2823
1859
432
1215
1862
143
125
5577
1151
1294
584
2888
399
78
169
1140
20
2779
1843
936
203
249
1427
177
178
72
1071
222
1441
714
3166
2360
2852
190
1113
1106
3911
160
413
54
1688
1209
154
94
560
351
1216
22
1470
990
648
1667
959
162
1208
1
212
3
172
246
3092
159
2475
639
135
1153
129
300
77
485
704
482
801
391
77
2338
178
2190
620
762
2393
604
847
1647
3274
158
593
817
3952
850
18
835
3109
3788
1101
196
2092
518
553
125
334
387
2437
20
1330
869
1675
2232
53
1983
227
3643
1971
714
139
1361
2453
1951
276
491
146
368
1052
4882
631
1055
483
605
51
1100
2858
1994
866
1056
1205
215
465
5020
141
1601
3755
24
2012
472
289
4339
1104
939
477
1387
2345
785
656
69
257
1542
2078
106
2148
122
99
272
1040
332
1233
1604
133
278
1263
21
426
671
1890
461
957
1019
1715
1473
768
668
629
112
1201
1742
1457
2596
197
442
1559
462
658
3978
840
1709
233
995
678
108
609
98
1021
2471
1222
150
14
55
1153
143
933
663
696
627
462
795
391
657
860
1653
1150
1215
161
2141
163
75
1104
1692
4602
8
1994
259
400
337
1279
222
513
535
1238
544
6402
618
158
443
76
615
1188
361
840
8
265
557
3897
54
356
283
1253
3420
531
195
179
2079
139
1800
3136
297
579
991
377
805
88
1295
1294
462
2453
77
1442
987
139
213
2576
465
614
335
526
770
295
58
1881
140
3470
204
243
632
885
363
3289
525
1288
92
5639
1263
246
705
205
1599
566
1304
1255
1012
2855
164
122
851
1857
1609
620
1921
604
4822
1367
175
282
3822
307
534
1502
2840
1808
2595
3742
659
795
1875
885
366
304
936
1557
718
627
489
3457
750
453
597
220
30
460
1270
60
1927
3119
97
2138
624
859
311
158
921
18
310
559
50
142
51
512
3075
258
803
555
1257
1088
1158
249
192
1016
41
109
412
67
308
14
910
273
255
258
526
2083
2697
962
16
389
22
1009
636
6492
726
479
3335
767
1821
2849
239
778
401
4
300
974
2030
273
3106
877
1689
3202
1062
130
1790
211
110
608
1316
4036
255
1479
207
1097
196
748
627
832
57
3193
378
1737
784
1106
11
16
94
1777
620
831
15
248
43
905
366
544
1225
609
14
1751
2841
386
435
151
386
60
769
529
531
241
273
326
438
1443
1507
1663
2675
1610
949
1744
105
1912
1280
376
1257
1254
149
927
700
266
186
572
4117
194
343
1157
196
1411
588
699
231
243
810
508
3043
279
1068
422
1822
229
1118
1275
91
37
828
2281
415
659
1549
1087
1220
143
1388
202
588
1315
1240
819
1894
371
198
6
708
1141
585
2814
1484
4
475
776
549
1113
1557
1120
535
482
59
83
333
2682
557
1845
857
1296
264
155
1197
290
1173
684
810
163
53
135
1623
40
455
998
14
1357
654
1097
3263
12
91
3056
4109
1415
378
1426
228
5
856
2186
342
2470
10
607
2
45
1081
1471
711
468
96
77
1228
4493
1504
1686
1111
218
267
893
614
223
1519
113
1294
3371
119
256
661
5934
750
134
476
129
2887
2546
518
950
2801
581
1024
367
1465
152
3175
1221
296
834
2190
813
3005
1608
881
774
1760
111
375
2580
567
1725
2797
432
149
598
81
2215
72
2320
972
1793
3936
241
938
1373
573
306
1719
650
478
1645
1086
100
250
120
578
1132
655
3665
242
1071
991
658
608
371
1164
439
179
1369
460
2598
627
881
1115
1310
152
2992
462
585
2016
1049
1157
1084
1510
453
2527
2041
665
1501
295
33
10
241
2036
578
358
348
445
284
85
550
1146
1033
46
865
726
253
301
365
684
131
74
698
1155
66
75
1725
157
2714
1716
920
495
563
67
1734
801
478
764
219
591
960
1174
1298
1231
332
105
425
531
1497
477
608
243
404
2158
1530
38
216
150
199
1586
857
808
143
1760
1366
1887
2901
210
1259
29
474
519
1924
257
1216
1190
2282
632
130
27
147
1819
49
1217
273
1812
1212
107
490
104
3619
33
2296
648
210
130
983
160
541
164
1057
3113
159
1345
226
1355
641
85
3276
167
606
91
276
181
1781
357
1517
501
67
2101
1695
1685
1299
251
599
1630
771
687
4107
3859
835
1726
709
1778
448
85
37
393
680
127
714
1733
793
509
1124
784
557
1601
318
93
2215
984
110
772
906
420
1306
483
476
184
185
1341
1345
4527
1009
1119
1529
693
218
4301
1384
1246
168
330
376
5713
208
1380
1658
1886
600
4254
640
1351
159
3504
1162
1448
719
1893
264
86
205
256
1290
57
1742
210
965
844
512
458
1268
284
792
2507
229
1162
38
932
820
528
1167
944
4765
1163
664
222
993
531
555
1685
4138
12
1849
148
473
351
470
4043
1238
478
3886
1265
5839
417
2137
754
4493
314
1215
1995
80
759
198
8197
514
1615
1620
743
981
7174
669
2104
1883
2615
773
2369
36
250
2957
1359
78
354
293
113
630
1096
173
678
482
863
1219
4998
2716
382
2125
237
2168
1193
1223
19
2926
1034
1996
241
195
2483
1606
330
1122
3713
50
831
758
1961
16
371
685
388
861
929
3964
1684
600
171
1785
433
1945
46
5752
5710
495
1035
663
472
218
1328
1070
2585
62
879
1552
682
60
542
631
899
599
439
105
5102
871
355
936
5724
1400
487
395
828
1826
438
1021
148
760
8
1668
1055
283
945
601
695
362
1487
419
113
870
209
451
1714
760
195
443
364
498
635
2317
885
3
1164
7502
724
3044
872
920
491
495
965
460
1463
90
1936
791
2044
37
2994
408
1923
43
1403
28
296
950
786
188
90
69
2447
2361
592
1667
34
580
1395
2103
1815
813
1270
209
115
2114
1101
289
570
74
326
968
144
464
374
590
587
1756
28
575
791
7
898
3087
591
291
319
2213
3465
1420
247
2853
1225
433
648
543
3190
434
219
1177
757
459
583
595
587
171
561
1341
1024
1090
1609
1358
400
368
112
2124
9
834
357
1206
30
121
37
452
127
606
1541
1355
5468
1262
612
2497
750
521
1802
806
1225
1222
1843
1256
15
1810
1555
166
711
1213
271
104
2644
3200
1552
39
610
758
1105
615
736
231
47
148
654
845
772
4187
37
110
651
410
884
513
708
190
557
580
2765
587
2386
1286
234
1459
367
589
2737
3026
1473
3095
2297
434
1044
1006
97
310
503
1958
721
711
1427
944
3
374
1023
1133
1280
2135
158
91
35
1050
834
18
577
1142
1349
838
1674
448
92
766
801
1615
1054
2393
1263
2218
113
401
1048
1708
323
260
598
1201
1416
400
1805
747
231
1704
1592
420
1622
524
282
349
117
4918
307
1049
954
948
243
2306
129
2324
2537
421
200
685
218
37
867
2245
183
1235
515
489
2271
57
947
867
1895
622
770
161
1888
457
1729
31
164
502
1044
32
1359
72
1263
121
1428
246
1135
205
394
1083
3714
201
467
3323
197
469
282
1213
1073
123
8
1269
813
151
1449
73
276
503
1347
552
1001
7
245
149
1289
341
1836
642
5044
15
1268
650
1380
2530
1069
545
1471
302
353
1599
170
1404
1177
1505
4133
2134
701
406
23
215
383
527
101
651
1432
1104
944
808
540
348
572
343
1439
1760
1277
1868
902
482
5475
529
1348
293
1453
250
477
3
17
31
1535
944
4980
642
650
2048
318
1029
185
374
394
142
1040
1680
807
897
51
381
1232
1962
525
357
3270
2034
1505
1570
1029
965
552
690
3892
56
1244
687
469
789
702
567
65
424
994
5058
1213
3575
81
220
276
844
576
529
552
518
853
54
618
1647
809
836
1495
1420
1300
1260
362
424
85
148
1289
484
309
373
1432
1914
297
167
995
1051
2537
218
1274
417
286
517
180
722
1800
2163
33
798
607
2063
1144
1805
1184
1085
990
375
1437
43
194
387
2516
91
913
1501
656
1893
925
748
606
265
939
736
308
357
491
3746
721
2477
571
1365
592
2510
3082
876
3133
1328
242
1301
445
236
467
38
1019
310
918
333
141
877
222
2836
2795
381
54
124
890
5147
1536
59
409
2538
418
3600
1062
18
3669
888
193
245
28
553
1535
1330
1558
1193
689
178
653
1448
1368
381
279
361
81
9
1041
131
1689
206
897
377
925
380
1125
210
1165
542
290
452
2970
74
1934
2790
999
1258
483
2035
611
435
416
2
107
268
1878
4015
402
743
70
85
1747
532
512
1864
995
538
1518
47
339
2780
1337
2099
435
255
92
926
739
898
1952
156
3440
1539
1128
950
145
1888
520
641
405
83
137
941
639
483
2632
102
183
606
1500
1302
2328
653
213
646
1648
457
53
53
533
1671
1063
487
29
82
1147
147
1555
118
1364
388
801
452
142
164
621
420
812
1345
4320
2449
646
1227
432
37
2284
426
439
117
132
1005
2596
1699
1000
538
2357
1944
143
222
1112
481
1014
1624
3330
1358
1821
1061
1245
974
686
516
336
266
924
1132
2151
114
3974
1780
1060
836
1509
507
181
1522
24
1413
1585
1623
1581
671
339
419
464
1143
4866
1121
663
848
1521
153
694
288
697
514
1327
1710
1532
1977
459
768
1682
297
246
1162
3880
340
1248
1186
1534
252
4584
223
1095
727
23
226
292
3099
348
1123
564
419
74
3454
1755
4756
799
2152
327
441
2049
116
1188
329
906
199
3008
318
1748
7691
1112
88
145
754
181
2352
3031
638
761
558
2968
1735
1278
2545
166
93
141
199
356
756
790
1231
1396
96
130
607
27
515
1559
1569
702
244
1015
758
1779
588
2577
2254
201
446
1582
118
231
161
3192
710
1529
180
1234
1881
890
42
52
2739
1484
1011
709
855
287
1429
2917
52
361
285
5335
13
87
384
1601
507
558
1579
213
1798
134
6058
1012
744
490
1102
2501
1555
265
1965
1193
356
1805
692
157
312
226
6047
2362
2383
616
374
260
1670
543
276
112
1299
1228
81
356
379
783
54
1265
1014
2
924
569
3079
726
698
3019
107
418
445
1635
1700
1108
352
3754
839
1247
245
574
515
561
175
121
1355
330
3410
1415
40
117
812
2030
1330
1097
16
131
3811
1126
2373
2145
39
833
55
149
7257
62
1859
1154
347
787
1220
492
557
475
2714
807
816
1171
631
1224
749
261
9
223
243
1142
890
2450
270
227
430
695
53
110
424
964
1899
1839
659
1122
165
1071
1262
560
1675
4294
1429
3822
355
1158
7
1444
562
1239
488
1075
6768
238
502
595
329
191
29
997
807
112
3619
1819
723
1360
4047
1252
65
1808
141
1224
1034
647
2049
1198
153
1853
2713
2065
1769
416
449
1037
43
854
165
496
585
236
734
83
2054
5184
2129
1097
4357
916
713
1313
1916
346
698
754
202
973
2048
1694
37
1797
551
1654
739
82
188
1217
104
468
1077
2015
978
438
969
1157
985
877
495
926
513
1505
953
661
1249
398
425
1886
385
932
410
1614
386
349
168
2307
1152
104
2581
66
259
166
46
1832
914
1419
119
88
4790
25
54
1710
441
963
4394
2306
1526
59
263
802
1620
616
1601
2099
447
3761
131
503
3410
684
73
966
734
1152
523
2168
2986
1067
70
1960
496
1068
412
407
1861
988
99
42
1976
78
118
1659
1261
928
3014
845
1400
132
368
222
233
814
3045
1806
697
3435
345
482
420
550
1421
1407
654
820
56
393
1122
800
38
1687
239
1255
482
1308
1367
335
166
1479
583
533
892
1596
481
914
141
3048
3355
2240
1422
1092
2659
1450
989
1637
2362
1091
800
685
232
966
864
1988
745
1939
958
1277
972
218
2831
1334
888
28
704
456
495
696
392
687
1288
1954
1887
396
81
3624
1487
688
401
1249
1067
991
341
1145
1053
2519
549
614
138
254
2331
2213
292
3202
461
567
3159
463
393
130
1113
2292
2478
374
485
182
1230
1207
2868
574
893
26
434
1572
2834
745
143
1125
1877
4122
735
1514
547
78
1478
279
73
1692
409
2515
1140
1727
1714
1145
755
1526
394
192
427
1923
843
1766
154
3351
3600
1462
517
2395
689
2817
192
28
2649
2738
335
437
303
2402
699
2366
2937
1301
488
715
435
994
124
40
31
202
717
467
81
310
430
1106
26
2509
631
434
259
72
536
873
3051
1296
1154
1652
785
731
1482
1147
1085
345
1173
376
1606
125
368
578
764
283
3837
967
4673
798
223
219
1733
175
4281
146
193
1759
917
1251
357
1069
331
211
4939
243
95
1227
371
334
914
3856
263
1599
2236
203
368
1682
1712
8
698
209
1107
460
2925
259
1515
178
222
223
1478
1649
476
200
433
3784
4301
1691
1176
5364
2188
211
568
802
897
27
114
650
2045
1213
1518
159
1946
205
142
877
762
516
15
3292
1742
719
528
1344
738
743
234
656
448
2044
1612
208
162
918
838
301
2074
1980
1852
189
2775
166
834
95
468
391
1722
498
426
732
935
842
1058
3049
208
3564
1029
315
622
1086
777
1499
892
627
1768
1464
1636
312
477
807
2469
1006
1029
2532
870
638
642
521
193
2506
1353
2076
2579
914
1344
868
384
974
1415
1141
4730
387
328
2419
3798
184
32
633
533
2484
194
155
880
1088
168
3656
151
1788
474
1432
386
210
569
2121
983
2370
807
566
1105
766
1782
230
1091
571
60
1112
457
2342
2011
3094
742
1088
1120
530
725
150
333
4004
292
405
89
102
1516
314
2406
1155
1875
1902
2335
742
555
320
701
2439
504
879
1403
1195
1456
746
1095
4413
2538
2
136
147
1129
1216
9
656
128
1173
1211
388
1628
161
47
480
499
334
2472
1191
2275
900
187
2586
738
289
678
165
96
99
2159
2879
2213
1713
367
1393
8
952
2036
484
2145
428
435
260
2126
293
314
1648
428
2445
2333
1312
904
1230
185
2540
3450
292
370
647
1423
639
129
912
1875
906
6
1242
213
496
734
778
277
461
685
714
781
758
969
303
2410
213
16
3490
905
717
1707
915
1562
745
162
840
144
88
1224
1564
995
844
898
1664
1077
571
1379
236
1943
446
150
854
1087
359
737
1393
1108
264
503
735
90
1157
3180
1498
3692
1424
643
294
486
63
1431
65
679
262
681
3552
1671
372
92
787
76
1007
1091
1087
551
1066
58
1782
964
1308
347
2323
2746
1072
1811
1842
207
465
1158
515
1869
2179
1515
87
685
134
23
682
2323
3315
429
513
1332
2997
471
88
3674
858
16
1096
1119
1411
1597
169
459
437
1986
827
471
589
1171
1509
169
1213
373
1650
3209
1327
896
61
12
236
181
112
2432
2263
451
1212
445
1878
372
830
1175
110
614
278
5677
2295
1125
2730
833
298
49
490
163
724
2499
2813
34
748
96
2344
161
1103
2552
100
212
1671
201
51
772
353
180
904
152
216
478
362
105
236
241
1259
2585
110
673
426
945
196
3230
1058
313
40
338
576
564
1956
1053
2777
1887
1051
2541
2307
313
898
2090
1591
145
104
4262
155
1232
354
99
1666
19
1990
2
134
1003
792
1598
1248
896
249
1411
709
1036
89
5351
558
551
1436
154
9
1376
2675
214
262
1380
10
1762
486
959
394
292
726
568
1669
292
2884
1325
466
598
650
788
1186
1467
64
627
1060
749
299
1801
3311
820
1226
518
1604
53
281
170
96
1529
1211
907
399
2221
607
1486
2860
219
1417
5913
1461
763
1579
122
1929
420
1262
1332
131
490
326
643
977
1221
2361
1043
1562
251
24
1115
672
4931
12
411
749
109
4274
1220
784
1163
276
2270
1973
287
2121
1067
231
1295
491
149
1454
493
42
236
3278
1439
956
793
463
396
115
2229
720
224
893
424
1115
288
641
997
1466
562
2194
229
32
2038
3472
1444
417
357
69
594
1078
1374
547
1062
1905
2054
933
1081
584
419
216
1654
56
932
120
890
509
2152
2148
1369
39
185
38
601
920
3492
4357
602
193
513
3090
169
1204
1329
164
214
2814
105
1994
909
1934
1306
386
2211
636
166
226
2280
273
1534
102
1387
96
498
759
392
2179
2379
622
129
46
259
663
650
143
278
246
82
37
145
989
2420
740
258
734
3191
75
844
865
34
1148
511
1477
504
6160
490
349
1631
684
290
749
2087
441
717
1336
1870
1099
2041
1447
827
1483
832
3098
1666
524
339
233
1803
1276
255
1811
604
1624
1090
4795
11
5
29
3139
449
183
30
469
255
1022
685
11
966
166
212
767
836
2061
4095
1209
898
659
1836
666
701
358
1656
33
2319
560
1810
1001
733
1473
488
180
567
1412
43
442
3679
451
2948
2570
519
2282
543
982
1355
853
205
545
1416
1688
827
372
1431
126
835
1134
1319
123
575
290
1012
1907
549
275
792
1332
1134
3634
311
2613
2856
68
859
1564
992
2359
2859
5028
2526
2290
899
1684
529
2275
1858
548
539
99
1875
904
237
2794
221
1252
1163
843
295
1259
2349
130
25
655
461
460
5017
841
23
763
1041
888
674
3622
1387
250
1359
2446
189
109
1064
1467
1643
3037
71
424
615
24
1039
537
1833
1590
744
119
1252
1272
1771
2080
255
290
905
887
611
1468
1116
166
1271
363
611
20
2900
1152
492
1291
839
331
1457
726
1492
428
414
171
170
23
1717
987
327
159
560
652
2924
2313
2334
455
2619
96
14
126
274
986
255
1714
553
3267
1357
197
964
1056
207
1273
991
306
425
831
159
590
2442
456
3167
244
1291
1274
838
1787
767
10
2187
1478
542
2176
934
4931
1194
340
2672
698
195
2297
61
821
1204
640
66
88
707
100
755
1832
1028
148
4963
329
795
1854
10
322
795
136
13
1
2156
3088
178
419
3752
859
16
482
3532
2475
115
346
2602
1458
580
1335
2241
87
844
3008
674
2280
1866
713
329
1756
3642
178
1312
212
199
3090
745
1197
826
1445
549
1324
156
300
1290
1897
1576
1380
166
634
85
997
1360
771
195
59
7310
20
2811
1184
1255
1401
3849
3304
1770
4749
3534
1006
2561
239
192
54
18
145
2312
965
822
227
884
632
22
196
1118
984
3082
470
97
257
1180
128
1439
529
164
504
599
993
997
501
124
50
3667
1864
529
1051
516
124
1596
152
156
41
51
279
1160
2149
435
381
444
295
5053
407
1121
149
1289
531
630
2396
465
3339
88
2167
1891
2046
875
2668
682
372
1846
442
145
1795
1083
1205
2705
760
97
1152
1792
1485
1109
1580
589
22
803
11
4643
225
189
577
200
961
159
1827
1236
325
2603
24
967
1337
584
1692
414
1863
2865
1074
619
341
1422
1942
1292
760
216
3748
325
566
1444
2427
766
286
42
408
274
85
3438
1870
189
4465
759
1023
3113
2356
304
124
258
516
191
422
140
3459
526
2340
461
947
1617
641
2371
57
451
314
994
85
274
2365
1273
1682
407
2843
80
94
1540
142
756
940
1920
477
348
47
168
1766
816
1134
1843
617
1133
868
547
1400
606
2536
1291
2980
456
683
490
647
979
3463
369
962
156
889
2038
100
767
6846
865
273
1353
594
173
679
1096
937
1257
375
907
110
145
1323
330
1383
3251
1556
691
550
472
50
1533
118
1024
1263
2996
851
1364
349
86
838
2596
1155
721
378
88
1447
889
126
3396
9
585
432
3348
54
351
22
2321
381
570
233
433
596
1903
2811
526
15
134
2389
90
13
2296
2260
1014
395
327
1664
2386
21
31
240
4913
213
449
1160
271
295
652
678
391
423
2929
2501
239
1951
1547
841
2387
1326
1383
195
66
877
228
682
630
334
1161
419
201
2882
461
1166
449
1056
962
753
2498
92
671
862
592
1031
2854
2185
1385
803
1357
469
2281
1470
991
2062
181
1790
150
382
991
46
156
1846
292
2196
1126
533
2151
218
2214
51
1479
763
1596
210
817
696
302
817
440
436
1011
271
983
1163
2270
1061
2089
690
1369
762
204
1271
523
2670
3983
788
127
647
866
1136
909
829
787
3549
230
119
5672
688
841
459
323
903
223
1319
85
263
137
13
532
23
91
186
799
1780
745
1928
569
470
3492
1167
1770
231
236
821
740
2765
531
278
20
252
446
752
1707
828
319
566
1785
478
474
123
1615
325
4641
213
1436
2194
1523
97
1232
2275
824
613
1343
971
771
1349
59
1715
196
166
1399
3608
1796
1574
1705
280
923
675
283
784
2039
579
1120
83
1882
1069
447
284
461
1431
263
226
868
1025
2
1005
806
384
1855
701
409
37
760
258
681
129
389
1510
610
2549
443
295
823
2925
1301
988
918
3287
1744
114
63
53
397
1078
1845
433
195
344
1714
638
492
1335
1060
824
209
8
14
468
1318
2893
1689
965
568
407
995
2575
1596
1078
2153
280
744
272
57
2002
263
90
674
197
190
660
347
1617
24
2172
1178
1002
2819
65
2835
925
1647
1981
110
543
124
1228
1562
823
1230
2724
177
2866
25
578
4309
746
1093
384
251
347
2095
3676
28
1831
820
2975
442
194
1709
806
1688
256
108
62
225
958
1662
826
812
1277
133
1227
957
1422
1068
256
9
868
732
2685
846
1505
1519
227
1623
276
1892
1846
9
1029
688
734
824
309
772
18
1043
905
242
1676
1026
50
68
4863
1268
1234
1976
4403
80
591
363
3163
746
1489
1527
2480
2697
117
199
409
2410
1527
1721
605
745
24
15
605
607
629
814
705
365
990
4059
1105
2532
117
939
1280
1810
469
3164
760
787
501
3222
430
401
302
1015
230
1660
332
2073
2946
1799
174
62
4963
905
3
2224
779
453
939
225
769
701
327
221
833
602
544
360
1165
941
1718
129
108
199
1996
139
431
3699
344
2058
541
3376
291
3195
134
95
499
184
1587
82
321
109
3381
525
84
156
327
4432
578
1229
136
1033
262
1839
93
3667
256
486
213
918
256
223
264
1029
1669
270
162
673
518
417
285
5426
556
724
1864
801
32
475
305
1460
1813
692
578
655
723
980
361
777
1121
281
71
699
65
1737
212
546
1148
496
459
1070
322
429
533
3098
374
2133
4462
1867
1134
1320
1770
1225
30
2045
139
1376
1313
1003
1038
518
983
130
456
824
1186
619
2377
181
32
129
782
4105
2982
5468
400
1798
256
292
1495
21
904
1114
1183
1326
648
480
345
276
38
338
318
234
1043
278
2040
1500
463
258
553
1504
1692
507
343
25
636
998
2040
729
2719
2619
1863
1149
2
945
1546
204
428
1141
1905
221
1233
2020
805
4894
297
1253
566
7
230
42
152
1275
336
605
1463
1326
288
636
248
264
93
624
354
3486
170
912
1148
1613
1171
1517
386
905
118
2615
1302
339
401
1559
179
559
184
4
596
755
443
6
506
216
468
215
620
230
589
2377
1611
2124
1264
132
1067
727
185
305
568
515
1431
295
115
2200
5
2250
785
992
920
285
958
1312
2143
262
2000
2145
32
774
857
820
1649
214
321
685
283
4046
3527
248
1247
1015
60
2298
1554
455
668
509
3231
1215
2787
2577
845
599
416
1751
926
962
2496
1106
1158
2943
140
3070
115
671
1583
4995
153
525
1661
81
237
692
2466
730
514
1155
459
947
33
1227
753
2082
91
598
771
695
614
802
392
46
757
1176
464
968
1300
69
2292
282
115
147
949
271
2088
368
246
2355
109
958
528
3178
243
808
1012
207
694
804
1488
42
1222
1112
1929
853
1182
857
243
134
826
203
1154
701
202
712
2675
345
133
289
280
714
330
158
1178
1601
355
377
2084
72
856
1321
1428
5267
2455
495
2145
1902
573
160
89
1835
556
1076
2741
324
561
1659
3574
190
97
3461
138
1184
386
426
537
1168
320
510
2089
1063
707
4953
353
609
3870
1610
10
409
48
2120
1412
2071
77
1989
271
2465
956
1375
217
1146
471
2756
499
1758
157
440
3949
1114
28
3111
309
494
1999
1969
601
523
430
1961
2143
923
685
186
494
167
278
594
1401
1294
1861
1597
1240
722
912
479
2227
1264
764
372
1759
145
801
1382
1871
17
2312
594
219
1356
379
1156
1471
533
641
308
214
225
2073
146
631
65
2040
1213
21
1344
170
534
197
350
243
1340
3542
162
1234
2068
639
891
397
587
2237
496
873
511
1970
40
1006
1061
125
132
1453
639
1477
593
434
264
315
19
121
1374
481
2069
911
285
1064
468
2724
199
414
580
815
131
4734
1168
119
802
888
549
6340
1879
3718
2292
474
296
192
205
365
1007
285
279
452
1350
344
3351
2010
1000
368
975
175
141
323
1643
1398
3112
396
3184
925
460
1685
1271
301
2046
263
245
105
292
317
507
2115
137
625
1338
1768
298
291
1604
333
179
587
1572
995
551
2447
1169
240
2770
83
1071
1604
890
913
388
1227
1243
1383
73
59
2183
571
46
1928
386
1225
113
718
904
276
911
1218
219
4120
30
390
2
542
12
5071
152
2152
217
1870
225
2237
127
50
38
1748
202
1035
2429
1717
469
175
2133
28
382
133
962
173
691
542
3574
775
15
89
139
669
378
1080
4667
341
560
928
383
312
282
1358
955
1037
118
358
505
251
274
2302
2011
4448
222
1824
5270
595
124
327
2435
843
2038
192
604
21
1820
350
2884
1193
897
916
3602
971
4
124
267
50
3907
1369
453
911
1878
814
206
192
419
1273
87
1028
981
2962
1913
821
2804
982
435
4277
128
232
1717
902
167
1131
175
561
40
633
987
1109
44
154
756
36
169
2301
314
16
1381
392
544
376
225
1294
1035
837
1527
175
1486
1868
659
51
3039
749
1638
498
2046
303
208
458
1092
2495
961
981
29
536
4132
111
492
983
256
481
755
735
1464
1939
2062
829
176
369
1625
37
350
1554
1986
1459
2010
1112
2895
679
50
1454
511
657
443
1315
1479
47
522
292
948
151
267
754
176
1081
280
880
917
1497
702
405
619
1276
1366
1515
1961
3769
164
293
814
1457
262
191
31
660
1735
2168
3055
116
2298
674
319
1420
977
253
1829
227
4779
2319
106
962
1740
173
80
843
1550
322
522
679
777
1944
869
508
484
890
115
2240
607
2516
4113
20
114
177
1195
149
1861
546
2011
784
2891
1180
403
270
2589
63
623
1446
1064
1579
126
271
2920
1098
1572
1513
1084
408
874
485
5915
377
2082
1571
896
399
1152
988
978
230
77
2669
1254
426
2350
561
1300
487
924
530
476
268
665
217
1102
2592
64
1297
2320
2256
9
458
3835
1271
570
3274
784
566
586
5
1651
1510
425
9
289
750
185
1469
1919
778
161
970
307
690
267
484
1532
1133
1022
3225
2276
1003
476
5
154
2002
1966
865
344
811
1601
1486
1474
521
68
331
393
1777
328
146
11
233
66
456
2949
71
1292
1903
456
1353
1656
604
333
606
926
350
201
749
558
193
126
843
391
413
25
170
1057
269
212
25
1963
536
800
146
1577
34
2156
2933
539
785
559
1578
793
1425
10
6
72
754
1501
1001
354
352
4
2074
1139
182
1422
522
1457
1519
974
815
2773
1129
197
1270
1228
1596
432
353
84
486
1281
1742
585
21
416
1009
1806
5945
13
1863
1086
993
401
1618
559
1308
192
245
213
237
972
945
777
858
232
2828
77
546
96
294
481
799
2392
470
31
1344
671
2201
1540
202
250
2686
106
639
1668
605
1132
1189
797
3422
71
170
382
248
3244
783
4167
643
759
583
636
1473
1408
506
430
92
1675
473
22
646
414
261
320
265
1447
1154
30
97
470
873
1375
4391
388
766
345
35
774
912
1054
12
406
190
765
1358
436
805
224
483
156
2323
1198
1475
1685
2525
872
3402
149
1476
983
1639
1326
433
2197
2038
327
1943
345
425
2599
755
1355
582
902
997
601
2061
428
588
557
1020
837
1430
146
30
582
1182
365
1077
475
773
269
1801
111
776
104
618
1970
159
302
1762
1254
1507
111
1277
2292
141
2340
1292
542
112
2461
147
10
348
3846
1569
1202
726
41
854
564
431
2049
1964
378
2413
1632
1492
2506
127
110
42
186
1248
346
375
2894
475
726
1923
2
1027
2070
378
177
1322
291
67
1246
1405
269
2278
77
710
57
385
4176
256
822
1382
815
351
145
71
213
849
21
129
2467
89
1604
1120
600
1272
221
2147
2149
1339
984
150
256
1423
2539
64
712
1721
25
1497
970
11
801
1651
577
3284
854
824
2098
203
1761
1005
13
723
204
81
117
1076
1492
1904
707
692
599
1799
21
4183
596
1914
80
246
436
156
622
1854
2303
1805
1047
1453
704
846
64
1679
729
1782
243
1266
566
206
604
453
446
1410
928
4420
447
773
147
1086
595
6289
298
810
1169
3080
300
299
687
1382
478
242
957
1500
950
1940
150
501
5664
772
69
1601
3345
1855
254
799
69
1033
595
269
989
343
2356
1906
185
5
620
432
188
216
2567
370
636
276
3104
3047
1628
185
729
241
292
885
1594
3070
183
706
1315
605
261
2101
1507
1913
198
404
1174
2862
1420
1315
3287
727
2595
1018
590
171
690
3782
1331
161
2998
380
2095
475
3196
2720
1095
6744
1254
372
611
946
210
1335
42
259
604
492
31
245
1142
3343
1746
116
111
32
606
303
186
187
304
3456
1255
1814
150
27
420
1359
837
292
280
209
203
824
191
367
116
564
2782
574
426
494
1008
1926
606
867
1440
3697
1808
844
207
1731
364
206
1898
3180
177
2048
571
2230
458
962
280
680
1836
224
604
1774
811
931
830
2595
2249
196
788
578
523
957
196
302
3441
1189
1335
808
526
2363
747
1675
329
822
1548
2532
1225
2447
1087
225
119
496
1710
702
147
1448
2278
1509
793
673
310
1391
49
106
1746
3695
1137
708
382
165
511
690
1118
305
1133
205
815
1324
164
1594
108
2845
276
1255
33
1301
1412
578
717
74
175
4923
190
1519
1116
14
1047
325
214
1458
1835
151
2983
1073
1258
215
111
2072
151
94
2472
261
1171
207
7
517
503
1724
1301
2405
345
1115
287
2186
1343
3193
1456
1963
101
557
291
550
90
963
937
524
99
946
34
1762
627
448
1851
368
666
185
304
1158
680
2147
970
2583
424
3130
223
388
953
270
2117
706
583
259
366
121
746
133
178
694
1054
337
908
629
850
1111
107
820
1653
185
424
1105
449
915
39
243
1373
879
1008
810
617
868
1014
101
132
113
871
1437
1102
992
478
1657
262
2122
3400
721
54
833
63
2405
133
1890
514
133
652
2220
1274
2918
1110
121
553
697
1021
4010
198
994
472
460
432
1700
1124
472
1710
1443
628
1995
501
601
1557
1222
241
39
2084
833
65
263
946
1908
280
1747
80
21
901
246
69
1450
2221
502
807
323
504
778
979
1139
1238
47
783
448
575
1876
1548
80
230
2490
1215
80
1130
1906
1683
507
502
805
679
92
1101
684
367
1806
297
1218
900
645
434
878
759
341
323
106
1140
668
1066
796
1357
1202
232
1437
691
1711
708
521
921
922
972
3624
1225
1399
1421
42
245
2362
410
221
1222
447
650
33
510
617
681
265
3438
394
152
280
44
1287
3077
404
734
407
1310
463
2002
3004
130
533
1664
588
2018
708
379
1365
584
1506
1556
151
1689
392
26
1979
1098
133
649
1211
2082
417
630
1286
2294
1046
326
1275
1325
906
959
298
66
1171
2296
534
1583
763
109
899
19
2878
134
483
1945
98
2091
3756
2390
620
1913
1607
1464
333
25
232
581
70
378
334
30
1034
1802
750
384
17
537
126
54
277
528
1285
3267
628
2805
930
2776
2557
420
242
914
1987
785
1288
205
738
3565
1752
2088
2054
300
406
1468
1438
29
298
57
346
727
296
234
585
428
87
1081
1199
24
1239
2198
195
137
91
681
2358
563
740
691
1540
100
682
1228
969
132
1306
1176
6504
331
335
42
3017
521
589
4587
3926
1039
1575
3314
1847
333
136
1014
1107
1422
3709
513
256
88
104
2685
1901
4316
357
761
735
306
146
407
453
183
691
1513
1336
1583
465
549
467
1544
709
1355
286
951
911
2713
507
17
1219
205
167
53
651
5174
539
785
1382
632
1712
5086
79
95
1769
1054
103
1041
2774
2302
783
914
841
713
1895
127
7205
890
289
662
440
52
221
961
7
3047
89
789
109
443
3135
1529
1568
1940
2451
841
1500
109
7
401
94
124
268
3173
102
481
1607
773
54
23
1568
1709
391
270
398
1051
483
560
4142
412
1622
1449
421
1134
324
1209
32
1122
153
2738
199
82
36
1381
1129
430
2502
120
3175
355
2261
1203
1874
1980
115
1269
231
513
24
414
351
1344
1051
1975
610
557
1129
161
993
865
217
335
3360
571
144
2304
369
1111
128
1592
476
971
771
22
227
897
380
202
1449
1440
698
683
953
3074
424
123
683
2632
388
1431
880
387
350
32
666
514
1302
1098
2193
323
2710
1338
676
2682
1102
4088
2027
192
1352
516
902
1994
63
1869
1523
1600
2105
10
465
1745
2960
1525
282
1629
552
42
944
1753
158
175
1025
1779
314
262
792
1079
399
647
89
39
1884
1607
293
375
432
727
816
906
1354
2530
205
73
570
282
1481
972
558
979
955
556
2168
202
1650
870
194
541
686
614
2737
658
1894
949
930
513
2066
843
385
497
640
2688
1249
1152
1505
1601
311
22
980
584
1827
661
1605
233
195
1120
757
489
1249
307
3954
220
1127
1210
795
590
454
404
1247
3965
95
178
199
393
445
2037
1
608
1667
170
3879
677
1870
691
883
2782
321
562
526
1279
3843
338
91
965
85
1541
761
1651
1501
396
277
233
1549
4321
37
1361
3422
339
393
311
556
76
836
7
318
772
824
126
1621
876
115
4247
1890
478
341
801
1234
431
304
494
1730
778
46
781
438
2314
3335
177
79
1267
45
150
1281
605
649
586
510
842
312
708
7587
598
125
1435
280
1047
328
425
873
2110
1359
1152
1531
148
277
1002
1050
496
96
1951
801
38
629
173
451
1506
352
5629
81
155
428
1637
1196
1791
2059
709
2690
2178
14
753
453
604
1319
127
161
456
1477
1237
156
1247
1087
227
725
5076
413
1488
531
417
431
203
3100
742
309
81
2432
325
353
52
364
270
68
2063
381
2383
130
4
3274
134
1331
193
1509
1040
865
783
2086
1298
2409
345
2042
3708
489
824
92
802
274
338
676
1520
720
74
386
1260
3482
1401
302
69
2121
249
886
66
428
54
1969
1031
627
961
1544
5014
4045
267
1619
1030
2067
162
255
314
938
1861
219
272
1388
753
1351
42
1868
123
276
668
146
1312
114
2971
3965
1543
9070
33
513
975
549
1875
1395
1952
289
457
585
475
837
1395
473
506
1954
123
619
33
1275
164
684
4498
786
4487
183
616
364
1340
971
2655
1646
315
20
1462
5054
481
2514
243
476
464
3434
938
633
219
802
208
862
2274
3473
401
859
611
509
33
29
835
1793
2250
1578
61
425
298
1367
517
476
22
224
2027
229
1316
175
1851
1943
1657
884
3198
1840
484
379
785
236
399
716
91
1518
5089
1199
460
229
2861
1092
349
99
495
1287
4154
309
891
623
1571
119
392
1046
1989
944
900
1237
123
374
147
803
574
540
747
3878
213
1068
20
383
132
396
183
284
61
4122
1259
494
2844
56
649
119
2660
847
3424
1209
247
675
686
2168
1155
181
1364
150
1828
534
1424
3482
742
2452
360
577
507
77
232
40
1886
1967
625
217
761
506
62
789
41
201
266
2494
384
1020
3277
556
1524
266
226
1018
457
1786
251
51
250
681
222
1156
2050
3290
443
396
457
714
444
942
1958
1247
513
460
560
287
260
1150
19
568
249
3739
5133
1270
711
467
488
624
380
1019
2275
3318
2399
658
3155
1669
951
2665
2018
368
1506
1625
1174
2160
64
286
142
460
420
1245
453
1100
1788
2
187
190
1220
1838
2378
783
503
2804
1878
3356
2044
2111
790
2074
616
1325
689
416
319
845
1502
29
808
1650
101
319
1829
2353
2447
33
1413
1040
1094
1456
50
2877
2130
2936
25
340
662
234
327
163
1641
205
3910
168
110
4499
1301
465
2250
2042
190
344
492
990
3150
12
454
1746
4092
547
727
661
2
958
2275
2130
14
2013
2019
1257
330
2105
102
1435
937
54
739
346
1992
2462
443
48
35
2887
126
229
3614
325
1443
736
1925
55
33
594
238
999
124
9
197
168
3253
120
306
2191
337
296
517
541
909
2747
3642
1285
775
560
111
607
3432
858
814
1494
426
140
1147
787
44
1009
121
73
2280
5329
431
489
1300
1231
305
198
620
915
802
1018
569
2726
912
342
597
556
659
652
92
3278
692
424
2205
1162
240
7
458
95
221
5157
454
1181
496
468
196
743
2919
571
1407
6737
3070
528
433
234
718
1265
192
12
847
975
2301
913
1542
106
324
723
47
1417
248
941
45
159
1480
1492
9
1567
501
2407
2167
952
980
3100
1824
1134
210
3164
113
669
228
195
2453
766
290
367
2796
3426
1005
265
1003
381
3885
534
1065
3949
737
562
2969
2299
307
1508
1725
1409
345
597
1473
42
315
153
467
1082
227
1221
1117
1447
1683
149
1658
776
605
1122
714
227
1068
1784
1069
373
33
1281
1501
1086
2585
375
1828
483
624
99
89
2
1702
218
249
1072
332
76
1312
1430
866
2237
1792
1884
225
1297
696
2183
644
219
2393
3
1894
658
1096
570
953
1891
967
148
1445
2955
2923
387
937
173
2580
784
146
1138
1251
1485
1510
697
3715
1069
381
2052
142
879
584
1075
1719
457
524
545
165
168
1451
566
123
2886
478
1808
91
2063
2914
97
2298
117
2031
812
376
386
421
807
1092
801
222
1414
290
377
414
1647
8
235
426
761
920
775
20
475
732
1465
1380
194
2474
704
1013
418
1780
62
1495
608
745
466
985
307
302
1708
731
984
556
2368
368
2853
1136
631
569
360
2399
541
349
1324
2097
732
1072
216
2144
139
470
468
427
702
1868
842
989
1674
119
1506
928
2180
2024
1757
173
269
1558
61
400
321
1580
1170
1519
263
919
1281
576
4210
4263
407
804
1994
236
222
47
109
830
159
1299
1969
1833
1610
863
1889
1345
2180
4032
1589
218
464
1140
1122
805
96
83
817
658
444
166
526
135
5111
280
47
598
1216
1251
372
732
505
803
26
1626
1068
1667
670
1285
770
271
388
1618
877
674
516
1405
199
1190
267
868
824
138
2605
248
491
273
3155
1886
1714
1164
352
2084
423
125
855
17
1185
487
2068
281
109
1290
3317
3572
303
506
534
1204
2414
734
1968
1752
576
462
211
1520
247
679
1998
215
1275
549
1804
368
707
2254
4154
642
1634
622
360
158
701
171
1455
521
425
1694
1288
3
2661
418
84
591
1851
147
1111
1983
1430
607
10
633
377
2322
1294
2132
1982
1327
2369
1062
2320
1305
637
1872
3142
244
410
108
597
1399
368
1198
89
147
112
730
1525
1596
1535
1168
190
1522
1310
393
829
1220
359
1521
1043
1102
153
478
421
181
1028
2019
199
315
454
1333
305
1072
401
217
4442
1527
28
67
310
1759
3293
258
103
389
201
868
1886
338
1772
91
255
1348
45
2144
442
170
6029
1466
1898
63
590
275
685
706
124
212
3040
1448
701
1167
581
724
2029
468
114
2266
792
860
1715
2814
1955
1760
2834
905
1898
38
1431
6020
26
392
1862
243
606
333
1
482
1374
535
441
1054
688
1010
950
1173
86
703
3016
3508
830
106
36
1164
1186
3653
199
661
1208
6162
366
550
1286
532
1327
356
654
361
11
257
1501
1023
716
27
322
349
421
1637
648
747
1052
132
605
202
728
1563
90
970
1682
146
506
234
399
1856
1103
528
578
143
681
4567
151
499
502
344
5
712
517
1854
121
181
1574
2457
769
89
1572
216
192
1881
169
1368
260
94
619
692
2113
674
153
296
1155
3016
1010
1208
816
920
1243
3106
1540
802
1098
328
799
905
875
401
395
1715
586
599
81
145
1198
2405
1320
2619
5044
3149
1409
698
868
1876
2152
22
728
323
95
144
1281
496
680
1088
375
1830
2075
576
4780
636
2020
497
192
813
44
9
603
348
597
881
1042
870
1407
423
1967
87
662
146
197
2
307
446
84
6190
1946
28
119
205
387
332
1374
889
1235
3191
1328
56
2117
547
604
610
4029
937
210
3232
2038
1452
664
475
1493
1615
397
626
236
951
614
486
919
1229
629
1905
65
5650
2499
2643
2038
1209
149
411
632
976
102
489
1577
234
887
256
1172
787
823
193
762
247
1386
1022
800
512
2555
150
227
2424
902
3980
148
1232
664
962
970
23
1310
2603
881
511
1056
145
1408
388
84
1498
188
49
1869
289
357
486
1932
1340
570
1167
433
2237
1203
795
45
396
148
211
3857
633
532
1553
634
443
40
1377
209
660
198
1359
1224
318
1592
1383
5994
341
92
1995
150
1386
723
1058
623
65
625
55
266
2387
4000
42
818
295
298
876
2488
505
2883
348
544
1552
155
5126
449
580
1761
350
725
784
519
1231
989
1794
744
1212
1926
1772
1016
94
557
1435
38
694
1001
52
60
907
823
122
8591
1208
565
431
1027
1376
2645
189
2531
672
7
2099
362
2619
517
1029
568
1021
7
296
1338
889
817
71
135
717
2
530
552
4253
2571
1794
130
2650
196
2435
132
2631
411
322
360
205
1000
1493
110
603
1061
819
221
51
401
2223
846
1616
576
1386
316
590
571
394
1304
211
759
768
2634
2460
1771
988
2166
614
25
4121
693
920
1440
1299
195
32
1729
911
1127
568
1561
237
2838
392
368
1096
633
1342
334
905
662
808
923
57
1273
97
649
1593
2170
1265
480
416
469
139
284
235
1057
1671
299
1954
103
369
470
1883
2411
608
1504
704
102
1334
612
380
1245
1840
872
560
344
1459
123
280
1656
2609
642
54
698
355
344
941
12
1190
2675
3206
1651
76
843
13
423
830
634
195
1025
569
1179
116
4103
157
1037
853
2552
718
752
219
168
796
498
384
1822
1062
640
1608
249
167
2482
768
293
2777
435
9
572
267
445
840
1582
3393
143
3064
187
197
899
348
2558
2012
1788
434
167
468
142
1378
646
537
3035
454
655
59
282
1851
68
592
288
1034
1682
251
4253
1221
1611
3445
349
629
733
116
464
508
256
127
1498
579
410
1123
1976
438
400
1869
737
455
484
588
1077
775
199
1218
831
2150
2573
1789
544
1067
62
380
3352
1971
461
3
131
3102
423
151
109
1189
172
163
105
574
389
60
525
37
2885
3549
336
227
1858
153
602
826
1435
1338
1016
679
29
130
1724
157
1151
1087
4099
444
298
36
1209
709
629
458
211
2794
119
1568
675
1012
424
295
1062
126
180
585
955
1398
2058
658
519
1757
295
2251
546
2240
1009
1656
4162
1099
1441
216
724
164
1314
788
334
24
231
1464
34
893
1513
1255
410
133
1038
3291
1167
122
772
755
481
2194
566
2014
341
426
184
2272
852
150
6574
922
3675
723
208
1197
1742
1140
772
113
64
482
285
159
251
3215
402
872
457
1515
1589
3567
824
1004
440
149
872
417
53
2794
1653
1371
636
1009
447
488
232
519
2703
881
808
777
720
233
77
480
878
926
1333
298
2068
687
496
206
1454
85
859
1231
567
65
155
336
85
1596
58
426
154
2944
587
60
1337
320
742
166
620
391
942
1385
1433
793
649
1973
1399
680
698
366
905
147
165
956
2933
374
1889
587
3325
481
382
255
772
164
630
18
79
2438
57
427
57
847
278
1309
917
32
148
3306
317
83
579
4432
446
2297
699
659
853
1026
269
2726
1948
1
810
1466
911
844
1387
1358
684
34
161
720
251
673
2762
245
1261
1133
638
3012
1150
1968
223
2300
385
38
616
299
1537
632
37
2188
31
981
856
64
15
732
1003
1282
1887
110
200
17
608
406
32
157
991
2018
4413
184
1
539
854
666
3348
134
1048
677
1791
155
810
578
181
573
681
440
256
434
283
506
986
2980
1321
1047
629
242
33
159
2488
994
4157
700
126
939
645
542
339
261
2503
410
530
2442
2266
670
1011
268
3526
1974
378
188
576
216
3550
1294
3568
529
1271
47
247
948
1429
75
1586
5195
1057
928
663
2062
485
298
1316
1898
402
430
1512
517
1876
1381
446
1074
968
785
1491
491
898
317
1552
130
1811
6
1038
990
447
456
964
2604
253
1601
207
21
1233
480
70
179
148
2353
315
3819
938
1282
3242
1552
4711
1255
718
2291
353
13
1040
847
190
3256
312
4253
1539
402
1840
210
606
1421
359
4670
628
1490
2325
287
153
512
600
78
1497
338
659
627
1266
26
151
308
1121
45
636
169
37
740
1075
581
305
847
453
298
238
1698
147
689
628
364
483
3386
1691
1430
2638
1821
893
1808
555
197
773
81
172
2065
616
501
1164
538
74
1779
825
191
1062
1552
523
868
377
346
2979
327
128
756
2688
349
1756
582
1022
1972
2226
413
722
482
1201
129
2326
70
48
304
1412
601
836
1061
426
1674
84
959
481
2006
602
1158
479
258
1128
2056
133
872
260
288
1747
2319
512
1804
1137
333
164
696
640
679
216
9
995
756
744
335
1487
162
3633
1097
494
281
3368
2719
415
1625
1571
347
2059
2754
259
652
505
90
902
1830
486
348
548
2398
2789
513
163
121
1882
313
1997
1849
656
794
5290
1
2221
1770
2194
3167
82
2254
1494
99
141
544
2306
606
36
1647
861
620
18
1209
1048
974
616
996
213
592
2063
2292
434
47
3491
334
145
528
914
1281
1325
66
1175
1170
327
1705
379
1311
2001
17
781
776
1912
453
846
4521
477
1357
1932
1568
132
483
679
2253
218
974
1455
795
915
308
111
516
235
764
2652
180
2993
420
3419
831
818
328
709
528
1681
5
3111
52
586
645
869
523
580
697
32
665
5380
106
712
2464
458
612
291
392
1932
1651
1534
4398
20
600
1946
747
501
482
560
793
544
312
1496
1600
675
561
1779
528
601
488
931
504
3298
1195
868
3279
2053
2166
484
940
367
180
341
1123
389
944
2127
1225
856
1531
2328
3523
819
92
373
1173
1238
1117
764
347
504
323
554
1992
2109
878
329
1050
306
819
810
1030
108
2730
130
1505
937
2593
594
1798
1170
314
1971
219
139
2343
1781
571
1129
443
110
1375
1620
74
1136
161
2348
154
2001
2898
486
727
1207
1739
1519
210
168
2982
794
2573
4205
236
327
181
1053
235
16
992
296
1359
94
1029
415
2313
712
418
925
1396
185
540
3432
618
2207
841
718
2404
878
684
2291
861
837
702
1738
368
103
2143
605
1263
528
209
2461
2435
748
393
524
1586
336
592
1810
721
375
197
294
128
1146
133
1592
1190
3720
5
142
281
373
1159
919
521
5073
3192
1696
123
1765
1958
609
494
2276
1880
91
539
33
336
1208
1231
397
549
425
2318
1109
1779
4891
554
422
364
1
757
171
388
1141
262
1242
34
1309
123
1063
1581
1883
239
1791
139
480
2604
236
1294
1118
20
1469
114
701
438
172
20
574
153
265
974
439
15
3234
1374
2069
1159
906
1032
432
1093
2918
839
2977
1384
486
2
824
437
2403
240
1062
2565
268
61
245
516
1464
1851
505
391
368
389
1033
470
63
408
1489
3547
1245
213
934
712
165
2806
4603
222
3235
215
821
1556
93
1773
388
593
320
652
70
641
234
2330
414
174
40
1242
1875
774
180
769
823
2008
98
839
2886
2466
161
2207
1110
1528
586
606
594
6345
40
489
442
2693
457
326
269
1216
1116
75
681
2139
82
551
1337
750
2022
1958
75
1467
268
832
1779
19
1670
928
84
612
1245
328
6
86
636
191
1241
277
1402
1317
1057
43
1814
1290
5023
399
815
250
286
1945
1351
302
1302
549
1712
304
78
2155
739
563
2850
424
1053
2786
64
656
735
96
229
286
751
2093
15
788
740
1377
307
93
577
397
1709
723
906
137
820
329
581
1045
1608
2567
481
3439
486
4624
1590
80
1425
284
497
791
472
4782
971
3005
2651
380
3949
4972
221
1711
1576
503
432
147
311
787
193
157
985
726
183
2228
1591
589
1301
989
49
2378
622
238
1821
148
1599
75
144
96
285
227
447
577
226
4
237
1790
1676
2939
114
936
1123
1474
526
2255
1440
1981
665
2463
1473
3215
410
102
22
656
175
711
39
376
1035
1070
357
1152
391
2262
1310
272
1551
1764
352
378
320
659
4474
160
850
1116
1459
63
393
188
416
681
537
115
308
1472
1019
271
608
137
1094
3422
87
800
550
2003
169
454
1234
3114
62
1336
2465
225
510
81
1003
628
1139
928
393
1703
1961
999
1016
345
609
1316
806
240
788
1691
59
17
53
1551
--------------------------------------------------------
Der Durchschnitt liegt bei: 1037,140800

--------------------------------------------------------