779
1248
241
137
861
195
294
54
523
2239
81
189
3735
440
5834
32
507
3530
1193
748
785
562
768
1695
436
410
27
389
654
332
372
624
842
1626
1471
3868
3519
149
489
1242
470
331
249
639
118
2093
1349
1892
429
981
3978
3025
1119
335
142
727
835
3206
2229
145
1687
1034
124
341
486
1411
456
1276
259
167
3725
2829
100
4780
967
1058
1182
784
1941
989
23
846
1032
60
1029
679
548
197
1845
186
1155
2814
1436
268
95
494
582
3533
1760
225
517
1402
256
51
640
270
656
645
1783
1378
1587
547
532
640
304
971
95
830
1166
540
272
264
544
1468
2085
906
552
133
121
1709
1758
504
1882
1155
560
1347
2924
540
84
207
69
827
594
2969
496
1367
24
603
31
3783
856
105
243
700
2546
587
131
632
443
68
226
2844
289
125
6524
1179
500
698
837
609
281
205
818
1044
576
244
629
1134
464
34
36
1770
403
1322
1312
1304
655
1582
2424
105
205
117
2915
2193
174
330
936
421
986
651
730
377
438
113
2502
1406
1226
372
736
687
843
145
631
141
2790
1056
551
695
406
1387
2818
444
1072
518
169
426
201
2151
13337
18
1985
595
105
345
3033
431
171
1271
1886
60
1223
268
584
74
97
194
1174
4986
282
2911
2325
31
61
568
2962
486
338
754
3737
24
490
3752
420
571
182
785
274
1921
1945
1208
658
1550
2424
722
942
230
3749
641
2009
2594
354
186
1261
823
709
659
252
2844
117
140
45
642
628
1656
46
197
1692
86
789
149
237
1628
78
670
1068
1199
1209
1166
961
1721
2149
2560
676
4196
531
1065
322
624
2783
3121
115
1264
1582
439
737
174
58
1034
1124
551
315
3999
648
1503
389
1223
1426
1382
219
581
761
1936
8
643
1282
675
1456
1034
2291
163
1652
1150
733
1123
427
128
726
654
839
276
1911
237
159
1879
538
3283
1881
1758
529
1312
135
2879
1690
393
698
4836
115
1219
382
1371
906
973
1689
247
402
2746
1526
224
174
1453
1548
1058
333
3323
552
1643
602
275
431
3483
2255
201
239
1607
2778
1287
1110
313
993
2256
2803
823
492
1475
183
888
97
4032
429
65
262
833
946
522
2581
1425
1076
1330
2076
114
376
309
829
724
701
1366
671
442
46
176
131
1
195
2550
1024
370
839
631
1824
1317
2767
777
69
1253
235
1805
820
1877
124
796
1263
160
224
120
516
1468
665
2
659
1893
1731
64
2251
114
97
1249
408
2499
160
732
417
1511
2659
2176
101
2245
1946
825
255
414
892
485
1795
38
660
2063
2316
380
266
1781
1003
1726
448
358
121
82
1143
109
658
905
261
860
386
168
2289
4434
1761
1146
4
1269
1705
1625
78
627
1220
1804
7
1988
98
1411
514
450
120
998
738
1131
1320
2229
2227
1624
2581
511
815
584
901
2132
502
2157
1902
2794
89
1440
42
317
2236
1787
75
245
5980
1289
942
1194
1207
1406
127
103
980
618
2646
1842
1288
1275
352
1349
538
1704
205
853
499
790
2649
1105
1261
1277
2718
227
276
636
2932
2828
1904
1855
1365
204
98
108
606
2702
634
374
2192
3308
1473
25
1913
720
79
362
635
3931
3590
143
57
4028
203
961
3500
556
1321
814
1960
429
1587
292
1112
158
1710
20
989
563
679
2083
3019
603
335
259
1023
39
952
339
632
335
807
395
325
98
284
178
305
2278
1340
478
299
4084
166
943
912
1226
1628
287
229
1777
23
523
848
76
159
5276
1260
1099
344
68
2550
1064
239
366
3271
76
5397
100
105
438
2761
783
1888
628
501
2069
733
3034
484
73
62
613
2282
554
80
424
4111
561
1313
385
589
55
177
1211
1027
3527
983
255
1970
1072
1464
1170
1240
183
2010
751
377
828
124
813
2416
2485
165
1998
270
602
130
340
1904
1508
252
591
2072
373
1780
386
369
1496
119
379
497
592
1658
91
382
343
868
1240
149
3409
2191
444
472
351
1297
1282
3701
477
347
1114
1592
1105
1455
865
1982
227
1451
141
637
62
1232
1436
1417
546
639
424
20
742
173
329
810
436
2584
1286
191
887
1603
144
821
169
468
967
2532
543
798
3122
94
1502
534
927
2655
3268
2033
69
1979
842
1264
114
1965
1312
3068
1133
90
351
1916
1119
303
715
540
791
18
691
1673
592
775
238
1583
1340
318
150
5620
615
169
1847
259
1162
1865
626
333
2259
2167
675
41
125
185
629
619
242
93
1544
1149
1766
284
322
1062
3888
536
1077
2048
356
541
171
6130
580
404
258
1402
1553
1317
1494
1178
1341
714
689
586
379
22
1386
556
113
1724
324
304
708
449
37
104
1318
25
47
857
620
730
515
337
1815
177
189
604
270
960
501
2505
1168
128
2165
589
73
299
75
505
151
146
638
1060
18
60
128
570
2641
2718
2035
334
2657
184
1057
411
709
53
1494
2588
4059
88
726
888
153
61
473
176
1230
620
1842
20
107
1867
4034
12
978
1804
2602
1037
214
1413
2124
6
248
1584
61
599
1405
831
2405
740
2417
261
11
885
984
456
1353
579
179
2043
2170
1987
3138
727
375
643
1548
870
1530
598
1149
93
1221
2269
687
52
460
430
167
566
1984
625
3450
629
31
--------------------------------------------------------
Der Durchschnitt liegt bei: 1052,996000

--------------------------------------------------------