50517057
1188110
797167
12991327
3864919
227608
30198669
10679535
20658337
76480517
25349443
12004137
14899293
813020
7341550
55709149
2590195
47743894
5164917
48297997
2396392
7018464
14078581
2661760
1871051
7766834
13105663
4233024
10531073
4671256
10140699
11474048
11409108
28852048
12296744
4783639
24855023
9838444
156381
7939574
23968533
43922528
7140560
17178145
1600119
8411568
23169042
11713930
1544086
5367692
25752262
1778920
32963683
7179671
58552075
10931255
41345876
34319497
31324232
5195205
10210169
13321685
23142
13175291
4308514
6512874
7876525
2973686
17868515
7348858
33934308
23765965
14649839
12779888
15211761
6020406
20283691
2103953
16470566
26364502
10906711
69232
30911501
35512012
7802129
24090772
9493942
6239763
10538639
5453445
2915455
2138029
7263760
629323
24724090
3664265
2154538
1027464
34280969
24857032
11907524
11799860
1789650
204387
1174491
16417698
26311809
3669230
15061589
38474955
5172876
3323028
12550380
25054526
4932733
5128695
7877978
5733151
21175357
6960291
5651277
17797096
2333838
15018543
3321887
38056817
1671133
23740908
10558721
7526106
4791361
7387513
10216402
30130598
23516143
38881595
29963494
5493011
11785980
18634933
2266742
11722174
3178445
1295633
31064273
452260
2734676
518888
6608315
6535663
1334517
9382967
429007
414363
1831712
2022746
5284356
1768890
5043403
6880225
56717375
11937448
1240530
5422605
10908206
5854532
57109240
3572417
2477593
14251962
12938834
20246347
15669726
26983167
11964044
12955209
8274985
44005781
11160637
3666199
1879875
26489000
19342011
35327068
513649
18356258
15079907
6441459
58451398
83638
14135391
2101992
9495950
1648159
38106824
35404635
16436573
41949698
1487778
9036568
41830318
1346061
3821724
8864654
24086336
25061873
14013052
1150524
13932277
19014467
3152617
12444406
1245796
12297021
6340289
11484932
22661025
7783918
3204123
6882972
5782517
33675600
46325494
6610951
1201362
446484
19796774
7046510
3897200
5103952
22475948
6904677
28081366
3389771
22020735
7815818
8402875
13325718
4927396
7130917
28329318
165976
1781837
8612860
18848431
57252424
23285702
1121609
17273996
6343893
23970173
4393742
3509721
21025452
2994002
35179033
2517564
6286639
10978866
46555747
17199548
4503893
43457538
7146562
18078310
31941275
26836628
2020674
4947644
7682763
20667015
38221637
16518976
2414713
6252680
12694850
12216725
7727839
20899132
46255565
7679330
5440114
148303
7415257
17209819
4513755
6294699
5036220
49805180
1701988
2565996
4809746
13719548
13462532
14157704
10004691
17339144
4021734
1703461
9411156
3812105
8680550
2870546
19791490
15501103
3445320
16929822
46463618
6925339
13263971
18623585
26293000
8442156
14812004
58670008
774386
11334004
29515741
29574780
40266338
67799767
2364755
11366133
12435767
2689710
30535315
16668198
11018424
85865500
20823624
48664502
12268532
1964840
41194907
9494170
24649026
10472805
6180092
10990395
21806911
38012782
25247360
33952142
4083878
15883136
7347292
6324422
6575624
13891671
65264021
27369158
22574060
1612086
5520830
8956553
1200028
6128215
18948541
30397717
8602966
17272101
5814552
298762
36313069
31315088
21381119
5766320
12416435
48506952
1305964
30312973
29998848
16638493
2128717
11463278
15610398
20695533
13248983
366925
14682109
742460
13424454
2310913
6807189
15002582
75551555
3892497
22308094
2665105
13398635
38089093
21328236
21519809
27057948
7465025
6741404
3226958
45128867
6466580
21941982
9086418
2038704
3304607
5174880
7609150
6093470
9875406
3241327
9257486
17526980
21037855
7962035
38969961
11715190
9899819
24076176
12761494
6540934
7204824
5644282
1551040
2848989
23807315
18562852
5507465
3561336
1751797
45357639
15703899
21920643
2587328
21120621
29596600
19604400
6308368
604092
3901745
2311528
30593209
14252430
5664337
6252001
23455602
2295515
1734689
2684526
33901428
29092985
16689988
40982230
2550864
2275543
3988072
13764355
5839041
5199739
5260630
11964557
11301085
529714
7930
4656403
2948697
2089963
8049482
36209319
5768000
10752842
30819833
4111989
28388858
2791564
646548
15336605
19419052
9085765
10886149
25272882
4319471
10479817
7064805
504765
17391224
6103213
12013260
3818413
25044965
6453323
22891958
40708570
31572018
4900616
32667151
498524
25084815
990799
3113708
4653983
18795384
26754689
10126521
352305
19195983
10046728
2590609
6245912
14585135
8866382
3782201
4236881
2491782
1926906
11291294
10789420
18754354
11249430
3156096
245887
26002409
14884864
10085751
208657
12244928
19781422
26114544
510019
1457006
11854275
5795305
21061026
6353065
28300547
5247450
24846526
2510546
416916
1518186
11615374
45389497
30496062
36465640
8276591
5454063
4146283
40134872
8848966
3383820
22949483
1555740
14613330
30415932
17825051
16453962
6131346
41950274
1837561
11762404
6025589
1543554
24064425
21374354
3389369
10693481
17764361
1959012
1043684
8380437
53273416
7149212
7895361
2562730
2821711
16023379
13673804
2902252
1590410
2348140
22287392
9970103
61303809
448703
4096985
4794739
12843570
56066357
39969360
21083155
8358542
16828999
1043697
9753143
2259245
11489753
1493139
20447597
5052564
5444382
7998745
63031
3731739
15390435
1160305
5402412
5272317
4663915
6370349
27879405
7629548
1834502
24155480
14138376
9622953
18106261
7942510
7143813
2785996
1589171
2438312
4236416
3978436
21219082
9427260
41754934
43042894
18834265
34399298
9664344
20051461
61665908
15964356
4527661
1642009
6388684
13872796
812108
13238051
3686109
14088100
26751074
2065693
785799
13255554
2650670
31119567
10947978
50391935
4371139
19211121
14048165
953135
21085785
932420
25625857
7798523
13884131
16824436
33115186
2665413
14337619
18073134
13670726
36890626
8321234
9027314
22068842
4224961
7988120
7150233
8656635
21530159
1948741
4803376
10147805
21021901
17862373
26604146
20940201
18700575
935745
4459101
23334901
13467114
15259338
9721878
3872448
3566179
2892709
18579856
20245266
7523216
14128937
9085659
27735194
495323
7931517
75214413
2485361
16771349
25255113
15232533
5776639
33401692
57574548
397558
2080160
7181438
9189222
230074
19878127
11147982
9879221
149968
25171518
3680974
2746646
4499123
31141101
9844435
8909896
8325538
10696094
16024328
9273848
2385881
9212853
14256317
2246658
3776904
3247419
8966544
6779376
1817370
990020
14081792
1150686
12307498
36917997
45527
22458746
23916521
28430024
1649519
20957107
27446341
1995195
46642579
5502605
67176443
4422743
9335573
30345160
236147
18499792
28511179
33102378
14200758
1061760
16475057
48763322
15226634
6011520
1340193
13245336
2324034
14559934
6973179
2730563
6656557
5324212
12312712
31207591
24828823
39133272
9399255
8439287
2635052
18954760
21720568
33064656
4013527
12943835
3208200
694395
5559851
27435017
4069890
40023291
7534536
460312
4830306
2750848
3853646
4952500
1721074
1966732
34650057
5638594
1523633
2458670
8745151
16257264
38968998
43810544
76379
12062876
262650
27740253
27668744
17596689
6916435
859622
1721379
29218550
36748683
2504082
11379810
2172214
21921561
32966759
9450172
6707088
35621823
1869286
4726369
24781315
6272552
3294017
8212542
14157946
25143655
10835539
66546044
47647580
8000626
7820125
6681419
2384920
19265512
6243600
6488438
23630000
3953078
25905635
16434112
37316472
5783390
23184932
14029007
624054
1708823
23713967
1030567
13868941
9527648
3870158
17685228
1819150
8336458
25551382
46294924
5153114
37493878
430106
3880305
10888862
3671013
30924578
48127219
38201790
48219160
7974747
570198
11232555
4068018
3929388
156695
877056
18968167
18272215
9443773
63493
20814635
10379589
20909
86332
29624433
6366520
1703917
6833079
13203691
2528303
7389906
26443278
33625208
13495130
1882502
6272101
13582144
77167
11846631
16082475
999606
397000
1222765
20674598
2831713
9132724
3342415
6002224
14535537
37897477
54564469
11514676
2460016
20465488
1192382
26257430
17039970
2595423
10009794
44717373
43099302
7555679
288974
46139454
96111
22107490
15516494
7244516
13095016
13133519
9579842
298102
9775987
9238714
738265
1754919
8953301
29116196
26332084
27636914
15216003
3666927
3644287
41658364
27190535
34737357
19046688
32240791
24966939
1207726
4668646
676211
19077393
4356700
908940
42518066
58550340
2643876
16155358
10793957
10015608
2466931
9508326
1489124
10608648
9963940
29398385
3070960
6066261
2323809
59195183
9966537
2663277
7962544
497811
3156275
6520484
5695429
1519929
18231502
20155005
11251782
29460047
891292
9224683
5465263
16568915
2424251
14041333
6561477
31098733
41794465
49568261
31256984
1271434
10559597
14500019
541794
6197693
--------------------------------------------------------
Der Durchschnitt liegt bei: 14203316,351000

--------------------------------------------------------