9190929
18619157
28767505
418354
38399190
39167848
7605290
2885241
358452
11484774
17714674
5433717
3930864
62862347
32469608
26921348
8594095
20415853
63750911
4818310
12251996
3665703
1545785
29410234
27685073
2480475
4063400
13978744
6781908
20910828
4829234
9703934
21750702
4458921
16982788
9833676
21007874
7094730
28715486
5711985
4403411
12234993
11576306
3678992
14594525
20302692
4858473
48984589
26184599
11605588
20146164
19138025
293731
5463577
6287104
803436
19816225
13465845
4809159
24295105
782087
5726132
3333925
31956989
2115266
11107292
10049900
49131321
6662464
4666583
10106795
9617531
1198792
11966591
20542249
2192451
29860204
2707908
11666033
48794624
4765121
2177279
628557
3888830
10900432
17067508
527253
8946961
8296498
6985948
45069701
15012129
27899166
4258223
6635429
35522009
5833072
1264437
7810970
807729
--------------------------------------------------------
Der Durchschnitt liegt bei: 14180968,710000

--------------------------------------------------------