1557871
14556314
17798302
5167201
6111312
1164703
8077644
14100181
34444045
2765551
23703708
8220461
12656812
2979277
1199129
2041642
9084044
16307068
2954949
2240924
3054070
25941896
4532755
7235947
18977218
9049458
64438046
89054919
8889594
9283802
3858568
69871100
7143566
7245362
7099287
1311076
19114705
23606537
4849285
12465180
6592407
12801747
5662548
11928818
13689852
28309124
21655456
26345303
25483241
7010328
943686
2105245
14105525
3676820
16822686
37001534
5043370
6095313
17374832
6943396
10168162
6235814
44178936
7460568
1799761
10342943
429122
13894827
7694107
1549552
33534388
4993230
14963034
26365854
29494620
4498472
686425
4058508
2465099
19961193
9492198
38227093
16345243
6565163
12614536
17598208
16999114
9701117
4590254
38975194
12529092
3911726
13685188
45060257
11975783
2617928
41864947
13662414
1665908
5639987
23702475
9943462
2747206
2048930
22025076
1130030
23805324
9562639
8176373
199071
16282577
7647305
18008904
7787129
9802530
7814973
5055511
12551448
2789930
28496530
9697945
50500
9908263
5491291
22737774
9386706
10705713
25166458
13624611
19849824
9822048
56844
4012476
9044317
27293307
4865579
40424237
4685467
24148363
21052412
27408904
4070516
3551923
15512569
26491306
13119068
6326305
26619569
10758915
26045876
5728550
39248842
14928757
842396
32627870
10063520
36224618
25581476
450019
11943688
6630129
4278095
9214019
1216572
11456851
667513
7033941
10692440
16004804
34595496
5847673
37914844
7650302
3063655
11246521
3917203
6524156
5314413
6921835
1498841
2026642
9237859
8577508
10004491
17614248
1674290
10249578
1548642
21913480
11610888
29480103
4968734
26286504
7597887
23506607
23463182
19735192
16982120
48484459
3717152
49874989
5071187
2407236
19358915
14829780
4381656
3957977
11256633
37728986
3488523
24788799
710881
5650414
4086721
1221996
25229746
8546030
3656183
15572209
12794197
38140882
9345871
12059540
6469916
21572258
11798471
5348438
3579478
9820550
7279916
93682928
3862795
26781004
6337222
12031977
263987
8787714
1045143
2527232
17498458
42603566
1692401
35274079
17647591
9070888
21752570
7956551
3272509
12976629
13022141
40002544
469893
1328716
2707450
8490740
998195
18444065
6823666
11910252
11351900
18756728
2210209
13249881
14180219
17167869
8176859
15105030
9295724
1096419
16030248
5631143
20174989
25580511
13753799
9467276
2581687
16383559
12126051
309284
8302020
23778801
31877537
2142269
5453354
6332208
2234595
2171199
31465999
39886038
25763263
13115237
12348627
3272760
46879640
17689336
348143
3126054
14546158
269530
37747624
2401691
13203591
24512100
24627361
9090773
6549008
1117856
2230108
2356753
5195055
4722045
4653236
5936555
3900165
4585657
687530
6874008
7313829
32298156
13254509
1900467
11300257
15080892
30446147
2818406
18796772
6437498
1002006
18050649
36863534
27738860
17141929
6357860
41064255
1703079
16406905
6270783
42333723
13938941
9709326
4306389
24150306
8762233
5485232
639987
979208
62109635
17205268
5503631
2954851
19008802
10872645
10495902
16622000
18496261
11186786
37538174
6798018
7261781
6433153
38962180
3278698
5804583
5429192
6329740
16535738
32670991
34696321
7184269
14943382
5965285
3228210
5098635
8366484
31600841
1145412
22702789
391960
2562149
7644897
1014883
9102202
12266819
8880160
4312106
28309230
2367049
12988976
26068536
9676546
8319164
10732331
24459343
43477038
19188749
32400104
19937487
2526038
2495981
16948180
17365686
9952403
29212830
10094845
52570002
9665411
8431858
12658599
15181189
4476518
9539690
9670800
3967568
14977939
884834
5212756
4141294
10638744
34988178
20305652
5788748
24919385
3200575
4537889
15361608
1149590
4407548
15260354
1017431
1542680
14214150
12769444
5710740
3498860
10075746
253524
38117374
15209092
1207046
18393831
32974112
21113474
4258901
15690968
15816261
11782220
7602909
16427274
672724
2590144
841575
324314
11077286
4582311
2531087
723286
13591812
15641997
20891492
21535031
14379226
27864029
1912351
2206342
24047379
15035767
31855200
7625856
276170
72974831
20375432
15713483
60721688
44825113
4132775
12788316
4433559
17379271
1150541
1197684
2219312
22040729
2091088
9048064
21642648
11479806
916210
32791040
6536772
1586362
21836061
15286768
4015578
20671100
1654977
7440635
9121355
40447540
31964876
8872113
13043392
5959021
567012
1923202
9631633
18072417
10904833
12123883
7577423
20741425
12216385
1911070
8048815
1640477
12330367
2005660
18936124
44632316
11568843
10479942
1087615
13102787
18070231
12975775
8840656
2962482
7751557
33229202
39360379
2336261
4636326
15542711
46110946
24114152
5622597
10455942
53792243
9410797
13105679
829394
19617205
571256
5811840
31418510
4422156
18485669
6567231
2617931
7635242
4344507
12383722
6450409
2417024
3067424
2467356
18551386
16788112
3233337
3586406
7471424
6774026
14547961
31521579
12101544
8130199
57013751
10535623
4131051
16750679
1081714
23919732
11816453
7023276
412207
18688602
11982804
15622475
4066666
17853821
7812631
63746302
4240856
1420150
16858488
45756153
13528299
12878525
7232031
21383970
3849642
4326913
34883787
39419966
13513764
8113310
7910076
15951610
16186186
7976216
4272504
534643
27195556
31196597
19293261
14276728
8072562
4492016
22414771
16708420
7216161
8184843
11895712
11339418
646816
3976436
8259617
5356930
17770015
7903687
31442301
11176112
4170102
7104125
7122029
26597768
2964022
19986765
14644956
5437103
1717519
43839787
5361846
6042449
3444869
11472779
7201048
11821929
4965917
9061544
518756
13838186
11588974
12495530
5311038
1938812
16831148
21670846
264102
7120374
27820518
451572
16359223
9715805
4133054
11593989
13398068
9254050
14782845
6809527
477315
1121482
35159346
148506
3115944
455768
29386844
8514186
33904214
5500295
1652808
694641
4091733
11540886
3357759
2842343
225265
3217539
28479382
2157096
6678023
4493289
38976796
38171662
132712
612830
20080492
3533197
3536237
29823424
15031101
27584957
8672575
8656655
41165070
36862640
13141257
8152402
20430713
15077946
1056034
5345156
655334
221567
12067927
17724170
3869314
6656526
35832038
29650683
6725527
21815556
674066
29888296
37476303
32219193
2797759
19504824
1323183
5180861
1533715
16388662
18083534
4882000
2629518
19851695
459994
9129233
11137910
13986863
1498206
7547317
231189
15250759
7754141
10053726
5974139
18914769
6622228
3001723
14421534
4267908
39346317
703981
6994493
18361266
2409653
2480257
40979146
35556392
4335273
20981544
26746432
16328645
3147009
6314336
1579903
39460115
9834979
3583031
25017530
6205124
3850407
3499065
9898989
5293678
18318639
21049636
3161844
1550322
14268104
9185666
38841289
5956484
23987720
5032511
32472408
6790602
40235755
6303534
31262225
13028292
2218298
8276949
3959467
13029266
1115812
11836508
312414
4179300
16900472
1962766
13159094
3349733
2452247
4003759
8095648
338195
24444938
5104631
2596920
3492468
14387907
647074
20828465
13829438
40064981
10101580
15671176
32969114
4723622
15092407
22346193
57048800
21280768
18570333
11315660
282542
6329491
10913169
37656005
8104063
6427024
1028069
10899877
3198918
22090611
24179193
6426162
9817937
10110675
9933928
17778880
3084393
3211829
8584792
12560057
6286993
16897759
17202387
3357182
26350277
3233879
3461278
14922329
17173814
3024068
7771952
15945259
37218526
3663793
10695914
1740745
20610119
7971578
4533298
38587030
1662599
29711951
400523
5439412
17383464
440483
47428619
1094225
7347045
2882658
23596943
6516627
26963816
17277869
34034558
1192916
38053940
4045735
241728
36930959
6411802
28659263
3686413
43170050
22868231
8365287
2416920
10229210
4218406
16865217
394103
22191087
28707172
4196743
8782257
973305
15590086
12330102
14654220
4758235
10309195
7893409
574529
32919315
26115850
15703810
14527073
7921837
49202455
4928812
10295712
2402778
1954614
2099774
8812535
24760696
3059503
34569951
19757929
12603530
24153350
21006063
2367642
11164506
16392749
21382363
13721414
8865630
25623947
4327585
56116318
48259516
1084093
8064699
1394568
69294719
24987190
801736
27560698
34769419
1714844
12240618
738690
1286560
438794
15009368
4569664
2354576
32025365
29669519
907702
6658053
1050003
16344118
3652529
14571307
3263043
11954000
6773019
21292080
3731841
8213520
11360156
9069839
5261372
6543987
56879972
7486148
17539411
21613840
19224542
5958090
8578100
19015853
17263329
3513092
17170354
2811131
18437358
4443646
4981868
2042796
549671
22823938
47864756
21565450
7036895
32639924
25728143
17474194
816913
478103
4388533
20536351
9308022
3228574
38833629
3817387
542012
12143752
46423472
20980913
27294820
3115954
4897743
7766651
5149850
36291446
1074636
10322092
1389226
17831319
5588514
21497033
17098634
16652120
7626939
5866874
6021114
24727882
1305644
8779078
5279046
7870118
1078955
15771308
10098051
3778368
1309186
26709487
8110050
3431195
4939802
11691149
2958430
12618868
8676062
1791958
10209624
13160017
32241272
4824346
31370938
5366378
1982287
1245336
1665634
22232499
8076770
17381004
8534153
18585562
17973202
5070757
8333434
5329524
55498846
15092794
1750216
14444076
22406280
8401265
9913188
9475415
33294401
28976047
3700606
716037
105427
14685125
2578696
12456767
1165393
28460151
95363251
4018265
5609905
6888788
12411455
737717
8504643
5496767
7157791
18319347
2310875
22301815
3757029
46647207
7639383
3602409
462935
901496
10479361
652200
29518374
1415753
3743311
33458783
53411552
23280103
5050430
5787156
2549415
2038371
10920229
51772930
9464126
30046716
13087002
6256730
9774083
15881272
56551684
1237315
8127135
18361724
28214864
1677292
14462594
21058837
11359434
13699503
42816035
5503623
31485544
23336816
18822220
15024316
588753
444772
36183353
3180720
2066497
12486349
10953925
3475535
2675748
10926341
5195867
3500436
5178664
41881401
37415300
6935297
19810956
1099252
22527596
1139087
48265471
1288867
42295117
9361574
6995922
6456502
9907086
101632
17364241
3167323
5729834
12649407
412303
7564950
21055800
21166190
6541479
7059383
19135673
1955806
1518776
623183
20160158
40843577
5633647
4802757
24021491
5519121
6152219
39777729
6813388
16137089
26588455
36812610
1801363
1041273
8183244
298469
16683296
2327151
5527262
26596597
356643
2640373
22124932
42870799
49387796
18224941
9793699
8755781
32056527
35462232
2111437
6719287
5717394
8136836
3333383
4702523
38834278
6918924
36000602
31179040
28472809
4490264
6703330
1641438
26088823
1435505
3373672
6443849
701622
24042282
24001530
57063905
19048882
1992845
1557864
2322634
18868942
7894753
7089161
62775537
12099153
11093491
1469656
19561599
8055007
9793006
7188756
21329504
1961433
2858870
1599103
4737529
2065989
1861173
29313112
1039753
2560991
839913
23690080
1182874
12039685
4034028
5171810
4172151
34974995
4539336
13250692
38307817
7009271
17978103
3597466
2797767
378959
6091351
18869868
2300240
40975024
4357280
21590478
14240597
13251847
4671953
39699427
7760543
11565264
20196661
3800702
33946071
36182197
19383415
25350551
18891726
32430494
11588073
6732104
33657288
22839799
970006
3236739
19898571
19902473
18385491
22914942
41191580
24602302
9369506
15703404
6441489
7171426
16581424
6846571
25662853
4769644
6343787
8045711
20321988
2798150
5366214
2343051
1130364
18120896
2566459
28509331
7503051
4579560
2838123
5692534
2189794
5583014
8813268
11848101
16708593
26709052
34936899
36106162
35068388
16625052
1418038
23943100
3626819
13144706
8210665
4348818
13673630
6668815
8753775
37372963
9473544
43518735
17546056
5347167
14906434
1267437
2754465
15716794
4110100
1818393
17816292
17112626
4557853
21112781
10556331
33784309
28664607
24729275
35380723
17843572
14031021
923931
574188
24788076
17525587
26152251
22964578
14575658
22053493
25827787
16604718
12643841
13331207
9801247
20816174
14272387
16788153
26512275
4223128
35475197
14516874
2142911
35841775
6808755
7783680
32782585
1568116
24705783
4434654
11949172
66537535
2226441
3162590
312794
22678522
3729658
17387444
16602312
69912025
4598079
13133387
51097130
9923698
3983540
612579
2627040
184838
19160651
16172645
5209266
8895813
11286063
34822389
2179702
11436518
28978398
3862141
2876810
17536556
42347279
6352603
406976
4799022
1645657
14194601
1536415
48033137
17029852
8608607
23752375
5620933
24738861
11972811
16600254
21508121
11250061
3731091
2477177
10580938
6752345
3089625
9687044
13714371
6861604
39035084
6065066
73200579
27068873
35661409
2509830
36171162
18207193
213794
20187381
5645840
3446111
1906272
4238437
16532821
306983
3857363
25958697
4495421
6583703
1569735
6053633
21894193
21181443
17519787
957924
16992030
4019076
20034658
10609625
15997442
5096236
933357
4577116
8766369
2367586
11929923
4421207
24312923
7886994
30432830
7212340
26405
3258254
14005544
53160009
12578554
24865464
3816731
5046036
18441027
4737274
1111518
6522613
32848154
2164875
98664
5414630
10847841
2196858
10163666
7890343
1841050
13542474
13511940
37829540
2641734
167830
2942462
4404922
6370160
25147193
4495082
1456655
3481413
9765545
9958451
24395042
7410301
19109841
10242560
10196653
14917238
4305177
27897937
10523899
15717487
4260421
8551123
19451543
1707899
785986
1017712
15891693
6491290
28812907
5099551
276393
1488983
16729345
2677271
30261040
174505
12364572
19517653
7448435
12309018
21840093
9884925
1329734
31960360
27091894
16629155
17146711
7616786
16405675
15647308
7994788
60467089
12150098
1908894
7177102
2669898
23872398
7109033
2106033
2888400
22152887
39082020
5400084
5677387
13119520
7091058
412888
383439
4844326
44626109
29579067
10422105
3748120
8094000
19802376
8892876
66085675
831198
15020744
2644404
8240420
13220305
38706324
25768667
2581851
5659966
428328
6832897
22456899
827774
13641825
13832131
4503923
5681659
9446870
7000345
3841143
8502512
6610639
10570619
14481991
3184289
4308905
17757828
39999009
16360880
20822
21525183
12058590
4565277
2366333
8123606
3145646
462396
91788
2753305
2502384
23105831
13196416
12962593
4881159
46426434
16770331
4133489
4309341
45958861
14104240
34759564
159098
13543706
52621813
16784695
9204766
14109174
1207261
431594
27344161
62436743
6262270
28422637
3518801
4190746
9414499
32839309
8503538
22826815
6138528
21063698
1220124
20452847
2188206
3865679
5176590
14739978
2221356
7925203
14527357
25782200
25328903
9078122
32257110
11076980
42879326
3730219
64945257
2904722
3822299
17131412
15222410
16254329
5203241
6592990
5786011
14967584
10536477
14324939
504089
2420380
10253149
16078081
8394606
8438931
8032597
1078896
8656330
13003093
9752171
25883986
692454
12623272
3691443
1072649
8200860
39496858
595211
31315724
51494040
7394015
5802429
15401678
39903936
26713594
13865755
13447690
16219492
20542346
1985078
507889
1818248
26727780
4248529
3294956
1775145
12146334
10225150
9543253
7355225
3692270
49000228
19167628
4891814
2982833
13228488
11068649
13546212
4500473
21369936
57641966
10747603
15405567
4618288
2703269
9580503
27039018
3467789
9409842
23742574
1837926
874802
8867685
956202
47409251
40362235
9718030
27123211
7387955
6744815
19658858
3266722
3013461
11373517
19393383
17507024
8886216
192305
39105039
31730817
29869962
14749123
36478459
9266245
10553747
8763656
48223548
11132577
15698035
23964221
3458798
9119533
2653569
1875237
2197077
4922817
3000279
5965610
12078437
62647979
9203936
16567761
22522130
22524465
6665602
5639267
4246596
11973367
22162087
3926648
32316980
6848890
40490371
1664861
10400688
15530562
31936492
4974161
22046984
304962
13403388
81900
14659147
3293559
25171388
1140515
15839003
18949826
4229767
1170906
5028461
8181782
29127822
29488434
6292502
28520182
37147643
3817891
18468907
10475029
11983099
5311907
1447566
22908099
14754990
14242518
7440140
26578770
4482988
4960266
19917395
10446226
44477951
10534640
11144057
2630805
7723154
1899412
2007062
19226034
1504657
21971120
11909774
31576607
8153970
1064186
12541445
569253
6957069
26594135
2427521
8200672
20606036
5832086
32805413
1969988
9630618
15372557
15831523
14473211
50077659
1073091
12097341
4685482
933664
17192254
9489774
16984398
15692379
13735972
15287894
3149369
3140418
11866654
17141607
40090433
1783446
21984807
19891507
662494
17942851
8701925
18061053
9173755
12686153
29376500
23079938
5157312
25568000
3167213
8217588
14554413
51498966
50077219
5765132
7802577
21104543
12961751
7294089
2239341
28191
45462135
5606913
22543494
20330219
28307416
4420179
4340170
41374674
10556531
6399521
1681757
23187689
18152598
32058698
14444334
3793738
29043593
20620339
2947713
30140580
5697081
381550
254659
19389488
33925642
1731432
13834415
55473003
48103660
7395235
6006909
4242896
7043737
11434908
5452823
3785833
4346608
7173508
9793601
1253518
16043212
1375570
10818886
33210575
32454636
1714059
28822565
7646175
15729007
2275017
10142135
5590947
284542
15228414
51117436
5699524
10698283
15389896
18436977
13218301
58888362
10931875
12713429
1187023
69674703
30428381
1202110
28779576
31883113
9196109
6090339
2864934
4708351
10809262
26789036
12163679
1691963
2556095
4245512
2865602
3531807
11422223
6773367
28418865
7666667
8634491
2285596
39193570
5942201
7161639
255790
19224661
16663358
11240723
26677441
3004424
2614342
15235345
60851397
31621122
9971518
13840167
11918521
141698
24510524
16088801
47496330
393321
5571425
8747626
36848610
23214303
6182562
9662199
28343413
14839368
12567710
1322883
14315326
49529505
15941362
14436540
20143061
2682185
24775369
17973638
34236960
6536242
9456658
11478821
27555344
12250217
5272826
6417437
190770
5985512
6704397
34707578
19934465
3074499
4651087
7103
1539922
2559753
13740882
42447487
18098750
44426938
4220915
8841884
43356130
25937604
5365498
3982156
4494784
1293933
2513824
10315179
3974669
1824492
3777749
30518080
53887289
41633496
4505460
496734
25273118
1460970
15224636
11856359
5158027
27083310
9542577
8323474
8906634
30835065
19455711
21497647
10618386
4841662
12135125
16046553
10261731
18095034
36167059
13406070
63623499
1334808
9360639
78754473
4841293
1245670
3071543
16500192
1968195
12778846
16467538
25462223
31324
889508
3461279
8784727
8546880
2875082
2434427
1367964
16672950
18576604
5988507
14281702
35658316
13260869
337349
32581537
1330817
5736551
294246
7385886
65676126
23389966
10891017
3633700
21544249
17168843
13564598
13826482
41405583
9758907
8599253
600001
6497071
30202502
6641074
2490477
1243388
19745998
7274520
1236314
24093608
7192062
4856084
2044290
19761162
4375813
19798746
12643380
21047219
21282516
11353230
21304084
11952071
914132
13273334
8766890
20581092
18001030
30635965
17349429
13883501
18049577
655408
4488654
4432133
1629674
538480
78380
270424
5900523
8024496
17368255
8184634
58999985
28726371
12420429
3419295
6054868
18373091
6289331
22371524
413532
5223951
11782957
2247405
39669743
7993584
9977086
21917529
4975740
3088988
1321238
11363879
608478
11807845
16899452
2155873
2700366
1342400
11779666
11250486
13839574
12544512
11526991
24897934
28743023
7887716
22304794
15063486
14475898
38434223
6743517
30905645
3631514
30825252
11508896
2372042
16238320
6138866
18844823
12643770
24605980
1296477
13744354
13880109
4978319
6727881
2321756
12055673
48457354
21253681
23934107
282758
7332588
4727453
59293496
23333
8512034
19645120
3227721
132910
2672902
14492849
8974742
3635552
7432906
2573297
4755505
16358397
2697763
15430626
9080293
32998147
40975573
5851193
25177181
32529288
213996
2620102
22230239
4835461
22184272
4881088
8983185
2402126
1730734
38391257
27536631
9436085
12961328
17653248
7627322
15546037
1380332
2712909
3872751
18675437
13662152
1878785
17680216
10038422
38972424
31166078
142516
4932543
13732286
33143190
7202595
17829953
12291390
7437147
1973012
33804297
24043251
19178218
9112016
28705635
38856414
41461556
10538757
7360477
24189771
12914181
3230877
3273283
8809972
5621063
15770207
6375018
8933607
10646171
17422668
2954882
14228819
6948264
8096634
2200574
25533817
7836988
26034725
17071683
3554953
9060888
389103
685655
53795760
9174572
6138925
1924573
8218876
495833
5529540
5724877
13609710
27138699
12023190
3431110
7113989
1093084
1269307
21257023
30715097
10086371
12784148
41021256
810541
5660761
13142196
34347693
54192071
19108451
9833508
16185990
16818506
12294642
10752017
6220390
26561678
8674936
38684250
25766278
3898721
4719976
16306057
9993684
28848204
3338586
1793435
16976396
2875554
27763000
6375099
5848712
110505198
1295107
3889135
6155291
9071788
1022189
1693229
22836492
10488942
18239911
3343314
469936
3858449
25409095
6470632
12034176
10505611
3397856
6387007
10897555
34057793
3430053
18568328
3498781
18493791
7185885
1752417
43461660
12064313
20356282
3602456
11534461
377737
826899
1345859
3960096
12849294
22318414
7667153
53975007
631009
9358811
38709168
22514949
25241928
11830715
4417893
12439476
21575575
1710048
4579272
8431294
20408891
3261300
17996876
3789575
19118384
806179
3338114
13644233
7998882
18673375
16472697
13290180
4774325
2421330
469485
3764379
27567888
10008762
5550496
1114952
9744265
62649112
9829427
9577609
280364
5185287
1389601
38517177
6086161
8532152
18313432
6488035
4649360
243027
21056377
848887
6176654
8769107
268670
31359718
40657917
2583313
49225566
28291400
21564245
2931483
4581834
7769279
10734882
15032430
30425693
1205146
35301863
4260555
8460952
4079153
15476811
5371209
1386668
4694754
13177648
9960098
15336166
2172762
949463
14583675
1259853
11057958
11530849
36116471
9341266
4502373
31867730
14023848
48253753
14815010
11940451
32513796
32773921
3717897
7459742
14822123
8996737
1426610
7458097
5669737
2426426
18917827
10511979
20164988
69044
14551072
12388722
483574
3844141
1640199
7524987
4813979
7102038
519245
10610591
26862242
16793065
2465567
10032734
4496161
7622659
7675745
3342137
5064802
8695530
7185818
20609850
3596119
26695721
14493809
4656464
6043568
8977395
7083674
1818793
185830
6459177
11741946
7924445
24663782
25095920
5485814
4172496
6555164
36182598
5759250
10963884
14119508
26051922
2350539
30071123
4233235
2019813
9439706
11501136
4705805
5824493
15503783
3721909
18207671
7170463
50499894
14873682
11944230
2546043
2885430
24640380
3300031
10058157
17677345
7559518
7297105
1184527
1133114
40457918
10131695
15861911
39485077
20974223
3183977
2809002
21407395
16352370
5486056
8077773
4701919
41805726
5204286
9612888
6410799
6784943
2946602
15766755
9085713
12917673
8241994
18762260
17341821
17442190
28145245
316581
7299300
27906006
23852615
15355650
30365885
52998602
7372004
16644731
30725870
6284197
12106901
31523466
40756334
4362675
1782052
8073341
11384367
5933277
10058334
40121879
26738758
9344167
81559
18550351
33417488
46011306
6833775
1013955
2109244
2208170
7726783
34781376
5827553
22385466
52811494
5063465
3752975
10841336
17964877
26870219
31734517
2589061
37395739
3791443
5898111
10261126
12847765
5334728
19649339
22084660
19981192
5044355
1955792
5333794
1356246
3153883
4750215
21898365
27724598
1743092
15243581
7042094
4137941
38000976
10843229
11100801
39553259
16922476
5818184
9775091
10229448
26037311
6827084
21797243
2877106
24766441
8533045
6755277
27529728
51425
12472705
3668611
4542827
23053547
595080
1267235
14079755
14577592
38097619
58135957
4518393
3169126
2114823
3582919
170417
40053130
7451717
15171576
4993616
4820661
4220852
21232757
20059984
7854970
921311
29865780
14921596
8199130
1482574
8780995
46967243
4444974
26339205
1917181
47516013
26659065
26382806
16347502
2408913
13109238
6676640
5983522
2270159
1266911
25444195
1130725
2257284
4801635
23884394
22166360
31420032
11960863
15365084
12469246
10978667
11467227
1524034
4128300
5578091
9325535
4616992
3430960
9462671
8586846
2880463
1305297
8751892
11729557
1665272
802510
275065
9869509
37419058
1910848
14889491
14962094
20165412
5788719
10999658
11143006
23906593
6768515
16061919
24770146
2412942
2263876
1061998
327132
13623618
821600
2640670
53581702
24577785
1700004
15163740
14136807
2655520
9834835
12130634
4244889
11925669
1132313
43808788
23015599
2922646
4881133
24405186
765721
26142585
48679967
15070113
11203954
21153785
2131565
3857694
30955789
30956475
4083906
8220686
2207359
42046300
1403510
2215433
5550917
4307798
41990594
23430277
28679871
6576814
5838750
28472058
703064
9411018
14060713
53279339
12856515
12502228
23076273
21557455
6334727
773873
5170084
8922140
33482749
23451371
4651408
16190098
1290321
8760852
23350574
1768803
23100451
2771882
8670704
52552754
17386791
22162039
11684754
20674909
17108205
13049966
1859828
17317392
22898864
21316850
18565551
3049953
22978809
3618388
27010466
13940465
24000564
6862831
30534259
1872393
979963
2370852
7550240
10992151
32937
1569592
8710837
64815157
6692598
6887553
12830952
5880757
20991378
32626854
892280
9813330
8758212
1460491
21733640
740302
18727183
6818489
6004655
2527791
9802161
8135586
4857734
8732934
14809919
23560068
3330359
10611341
6195462
32416663
32545628
21181621
12614993
810696
17337
16920974
11123311
8225532
3628973
1840782
14013888
2228450
8749022
5388751
10228526
12693927
30080895
31410517
7814824
3300928
17500984
31476816
9893646
1387819
27764828
23126141
3423026
8793304
23853
1145806
12493306
36482085
5968667
10124196
3624594
6608235
1309983
11829815
5874687
1337616
16944708
2698232
3748548
8785371
22164507
19445281
1208118
28867745
24515760
34325330
21633526
4945165
13752391
40566524
18042689
6803974
1950727
8177204
40932719
24676829
15602870
4409509
2203090
24487660
3546102
19944120
20093864
1969337
3628954
21545845
55720116
9429149
619269
3141758
4417426
54001324
2918381
5429708
5037541
279323
19049321
14290848
2336518
11310321
18552748
3424344
12573245
67866830
21208169
2089909
5011481
2085606
661778
17112735
22923393
30841155
7641618
10449790
6875896
4515687
8357607
3264752
2622949
29037212
27733890
65015503
8802655
4793123
35143297
1298967
2581398
15461218
3259650
4377175
558787
16446744
35122548
13222000
9507306
21933792
9911254
38027518
6466316
599606
10422249
3002595
26485182
9520361
29168614
13129338
9406375
4850257
1236908
4101422
26055234
12247556
8488684
16982018
24194710
7418821
12794092
3238028
2292322
133510
3324240
54395575
1913786
9541126
31710497
29896726
47437425
3562848
22310082
13962279
5970075
3801703
1859488
29960464
2941963
14703232
41887726
21766049
24198984
4673114
15495457
1761486
19841765
21747996
4028765
6120150
23119705
8551005
9484561
14631613
17314957
47188967
35132456
9642540
8372108
6491319
10897736
11579576
14531370
9572972
18523734
19872753
10817948
9921791
15817107
51160226
4904645
211503
2258958
8606307
2809944
14956735
25100099
7624819
8125739
10192600
12157648
1910482
1515499
11661861
2973797
11266193
669358
5529244
25552942
4864521
2009216
20327673
22678795
11737045
24575200
2709758
18642497
16719613
11478654
1925518
24963089
49572487
14029521
30949133
817024
2851623
45781488
64769286
19570712
3983646
5187344
4922211
2969003
20745672
302819
27770966
11559083
1638783
18909354
294690
11986899
14061906
18060072
72236072
1357858
42423544
19622933
9148698
4937020
9851430
42334252
13393422
8602185
6934858
773633
953935
7208125
16467596
8987867
10878219
1420401
1986928
7625175
17198053
24100727
27047581
14218914
7536541
17458506
872486
12488934
6378844
20044118
5344473
11940455
28019619
10876115
19018907
5830164
4526603
13589914
7642518
9848789
11221329
3970280
9016997
14966895
6749263
7504300
4819387
8695450
2161760
2595241
6049049
4825781
28733050
31059670
1282942
6343799
1474238
26872416
6513817
14545431
9002475
12476993
10028385
7956018
9966034
23786352
13107554
31610842
17563323
25439840
15421594
9176639
2471498
12349363
25302800
27379628
3737525
14332521
8121349
60459049
45991542
3294445
265251
6889263
5316814
18425080
20962250
7324526
6446741
6359524
15081919
8338871
8371746
25331216
13191444
17097122
8496232
5005477
61762911
12939841
12899119
8388194
11278423
71470810
3492558
8232919
4524670
17632256
13136819
18668032
9428233
3996801
1212903
22554076
19361702
6736829
17336023
9846786
14770629
8409560
14374363
5615157
9042016
548789
15226187
8025963
12516405
7066786
17502428
31667137
8816807
5889502
7407135
466540
15084718
42816043
1142899
2173767
5330412
4130701
13585325
10024348
22077764
7666827
18781207
1080102
5429574
27000092
6254962
10022104
19057595
2038362
16425104
3372053
9298313
9099647
20863004
30670363
4307342
284444
4361074
17341559
35477181
37464699
5468350
4241311
6698923
59292452
33770686
23484891
8206148
10780410
1270241
42580648
1460833
4785782
1333935
10715601
11920029
8828990
3452544
29046496
2237978
10450397
484959
5726432
68842072
1825319
53707066
28181925
1112355
3522244
7465798
33210710
3471302
10940907
36482813
12818384
17906735
2315886
20940607
31491814
38166146
8982114
27946258
1350735
5243076
7046603
6181400
18249958
10235638
623810
7658643
8251221
5425350
8522411
6033277
5515153
18984195
31290000
23683240
3589933
66627526
1348136
69275
12684718
4788926
11579712
1451498
15036359
821254
16317051
29170463
6043916
19813744
6326209
25772562
6825184
6351746
17071291
1270161
17820407
12348653
15957963
264422
2098955
113693
145083
14964049
9690162
1924409
38031760
11585851
11996205
12698347
23528191
28043780
2145045
5941237
4982485
33719455
10183664
431987
3596882
2761658
19342414
1082650
8716367
16898058
4112999
32021895
15713519
1221289
8099487
6177702
994956
27290100
18890348
24800907
19662330
7016425
6026187
6106325
27171795
12881022
9892390
9947655
6793543
30336373
40238081
318434
1977155
2615018
8416043
37617520
5854754
22260108
21103994
6446179
8105054
17738949
19151512
8718237
19631417
19873168
10078163
22612626
12224509
5780408
21417016
23976949
55359380
970295
2976672
5164730
20254495
1934906
4263576
12450807
11974066
15810052
8891082
31840468
35667576
18202888
18352604
7254392
3283098
33484466
1375437
21329753
14143139
717633
33555850
4147452
69029446
10542663
70288369
15015884
17397160
21469985
13986233
4187425
29139285
14176700
58175
24718687
35876182
27138163
3284496
11640421
2865535
25361056
18233934
16643759
41065601
15035997
1813387
20820551
9626294
3221378
29264448
2638615
20597525
6110229
13985679
30100384
11168148
3980057
1747643
16381850
6522724
1082575
1558052
442976
15947927
539495
30442024
12341534
23312002
2729854
18135049
26703738
10625170
10475088
10952985
16197982
33810616
10873844
54432332
5127785
4079319
18366180
3277075
8529967
9244787
24665960
3408427
9598218
6320527
12182256
20800275
18186443
6682955
9727959
3638237
4077224
16926449
4068669
3030792
4569135
39577107
27803308
11351704
3802619
10366326
8882598
28156956
4147059
2675323
3333068
12249751
3748684
4770863
6105740
1611651
3501288
10587457
2188095
6096567
7517372
17370135
11927703
3319667
10625068
3205436
1528514
35026126
46570446
18841628
3208100
15043147
31762455
5577051
6737493
9185101
6095655
5730926
3754864
2548473
14073311
38969843
10801965
161471
10232006
9931435
7516651
21483683
17882235
4268439
32860019
6444017
40552049
16073406
4275350
3421393
3598569
12203354
13650229
6235620
5106230
3651665
28328336
21461799
2593648
18193583
17727448
31921036
25093913
19279026
7070453
4791975
10500765
6614395
6235422
14694261
17768820
8538891
4793641
14300870
28486321
7737278
12966106
22048740
11405449
13661869
20091346
26321297
33352855
2237128
684161
11601745
1595731
7550224
22387908
11701330
10997886
6687053
1880434
1120125
9057494
20148401
11751936
21390740
4176885
9617286
45522487
9600616
36749085
5666867
16927039
9972078
1021695
2629924
11383107
21936808
3136366
11694115
16438356
18707801
2587642
5459177
24054482
5544168
23263511
26626825
49436865
38677883
19650871
7004265
29759070
4090988
8504607
11941068
21487635
7152210
12510948
7021514
2363338
28883352
14152612
14881524
13012709
2436914
17640670
17465217
13759390
21533482
3291789
13966921
65417860
6723260
11596250
25183163
22453449
9364119
55196514
55249225
13743702
26150335
3440938
7919232
36327179
35576705
19182714
40374
143056
2266016
5845826
11857762
2766995
28410324
3846277
36830879
15130765
14306595
15263719
3034283
12232111
11826270
39218251
18595271
21931413
5778800
2023981
14977985
3052153
10060573
65147804
713112
1113077
1149981
18097307
351778
1750954
8103824
8575031
6211320
9799862
18585819
479629
4869884
29913347
8187708
7008518
5775584
10277531
13420
5523485
24120470
13688320
10935401
5122842
40137118
16844062
4763572
22187035
8578936
2542489
5483655
19907024
30505731
13227958
2795755
30446556
24647285
1870267
6433714
33427
5756380
637790
1859207
5881959
3044032
20235529
22489575
10193070
14038663
8648905
16054939
14246777
12076371
189219
4704641
31092221
18360625
5022990
2209766
11255633
540510
68840230
1956419
18520782
3005761
30983970
9508089
32164230
14128930
19350782
7804283
206533
8435624
1018104
18973580
13296049
9408589
15816528
30428354
14678797
21737197
4386543
1180905
22410927
203550
5845657
3833385
5270423
1311539
18747394
24162541
21086722
6019578
9835872
4804322
3929084
19244687
2781445
22499433
8018012
3253526
3185676
33131055
5018865
424261
13984112
405698
13300166
49103265
2008092
24789296
2424272
4127591
12507111
11229
46790
9461310
16723882
27596804
8887699
4026547
5691313
268522
24869178
681138
57416712
586626
15522110
3102353
5239795
5540814
348365
14517033
17346682
20078504
43400554
2600326
3703066
17387848
22879518
17452058
13862781
20193657
3168135
3030779
12291153
20497580
11826108
2525634
1712456
24241523
23974343
5965126
6456464
11018212
4077675
3207126
2742351
9591423
3505650
1575832
8399960
21645613
1623188
12177805
5773679
2255805
2791855
43727701
11491048
23954175
51880602
5941143
21943608
22440079
8745213
7591902
10253049
3843503
33130626
7670431
11986407
13716370
37681021
4715768
45360166
30257858
6230515
8207741
8391396
7257420
23794561
9653173
9986954
333752
1771571
10895472
20161140
465739
7955520
6956213
16441917
4723400
32436642
30331967
10859442
336554
261512
9149074
1176706
11045990
965218
6297842
2519889
2890709
31951961
9709739
9835412
6580491
51618197
1502993
8308040
1241823
12116619
23728767
2703569
2794830
23203234
54187761
49627947
12722494
241643
3130702
35249559
17247241
1898242
12398235
28427467
11799004
3301970
13323612
42157544
8366112
39702688
19453370
6778940
58026
54103060
3956182
13381368
19688596
19848631
2147153
24786381
46409848
30538296
27234148
293132
1532765
5190848
29435167
11672290
4673406
14251379
11827708
10910039
3991652
19469303
10804868
12428772
20196689
29917872
20833349
12264957
7490333
2305550
13311520
1944323
23309756
4620407
6569004
32285372
14358040
23775721
46052357
306660
13147031
15651121
6901121
1924833
16614853
108079630
7592260
3297413
3359931
549085
11080562
1935729
1611806
3190287
8243190
14765849
13133137
1375561
12627980
9172858
10575714
21506984
8658637
15071038
537088
842207
9194813
7126801
11943900
19403237
4431063
5216671
23783992
11201561
9899961
19923137
11627888
3831816
13799212
2954090
4679083
805096
1096950
14737997
13098530
31033292
15395940
37489489
26420880
8053946
33900771
6169343
2441394
1976525
19026985
4105592
14520421
6972813
17346056
20411164
16381856
42589249
31767306
17942038
5394834
36271565
16303061
2161952
5545657
7498191
22320796
13534535
3601888
19214530
20447103
12252025
757859
2455103
15615912
12433675
9795280
2645184
14296933
1886619
16777668
789732
1500149
4375623
1337945
8696398
20083814
28723243
26551696
13300681
5722214
7129082
20414247
38894076
5480719
836913
7270406
3957520
816967
69405377
2045745
1949924
11165826
5524378
4303451
29483033
5332972
5031486
22253726
8965947
5172175
545340
7435531
10081678
50149
2224968
5548706
3042914
9411999
20486960
2689286
6163962
1881025
12582011
1856959
18924228
18765634
27820156
449593
51050241
9997677
16437422
2332875
56979441
1378741
3001193
3993108
2026126
30637394
1541421
10653586
18757519
4752083
29739925
6920225
9399613
6135603
15162104
4704766
23731953
17709265
43752684
1607050
12005904
22446083
1478860
2028618
18393754
50105263
3011280
27716313
14727552
2114295
593881
29017698
9066392
2904178
12183556
18382689
1492353
973613
1007221
18051654
4178228
16905402
380170
8957175
6942138
11042964
14760845
1713062
16906850
6345225
8083941
4747192
5906137
484296
1185919
28192829
55256737
2023278
10379076
6501069
6436522
30400282
1445504
3418267
8153598
33160225
1917904
3608630
4260545
3003190
2598470
10651510
9557294
13961843
23481116
2074628
3863940
2046440
7141270
18623790
7482085
3048929
3030951
3870952
13856603
41627874
40755114
7332737
22973448
16342576
1547472
2554392
12949707
865691
16115221
12032195
31669875
9983228
14190812
15013382
18876109
8399779
10821545
18917949
6955724
10395315
3850897
2225681
2615163
28624597
3872872
1214940
17451948
21912391
2554030
8480219
7171627
3600001
7957529
25873590
17394391
8546566
2153175
4914405
2173312
1369391
13144676
11922014
67192162
4651423
10961519
7753063
1700776
13692847
25088247
19010103
36737048
14121618
18553620
5784128
3899112
11756651
8105142
3635933
16890699
3223460
50995296
8524902
8793756
3330097
17388384
15235856
41147476
8000314
4414543
33016515
56507083
12165608
4483130
7784474
26576867
6061987
8364220
13285197
13179642
10516599
7257597
10627738
5654023
982547
6286862
9335077
13966169
9216762
16971969
7510027
14181368
1920055
6203891
11688538
10513110
2777290
34851595
26991901
8547715
4665161
19199017
26241085
6647432
5754631
19756421
21206233
13421993
7126474
8176557
3577134
254112
20835882
3400259
1557433
8529272
35773852
22276395
15919929
28162288
6876105
35584188
18678619
33713104
2267403
4966753
1864068
1186774
1147354
9518654
3228855
10362589
25041007
8189589
34407939
4482515
1651847
9550491
9045902
3126334
1880438
5897425
6872509
46004218
10828708
7634878
2632617
20649048
31598225
4638804
6527882
6385515
6559318
6563627
31312746
169303
4513571
9209246
36470883
989517
86429286
15703977
4657215
2525638
6558209
27561632
18556432
3400914
3341953
3425553
4003904
38723935
20965270
15479843
315564
10701562
13469123
2658523
5325402
36923429
17645188
7070672
7096709
24667725
8446819
6237177
1518305
2168249
88451718
7146180
413503
7954633
4508595
3180495
9620761
61499614
6035560
11421222
468946
6146926
189713
1208410
16522077
7380243
1531617
4285683
7579074
13968875
12979602
243254
7753497
12510120
20190979
1299142
24546664
18932231
69382062
3332560
2995148
11225878
13273886
17348806
5998241
21964885
1429878
376095
6687194
5362911
4013477
2777953
34249403
28953837
45098614
8331342
4143598
8913189
22369723
3311585
10866760
16039172
3500860
16187874
11513676
5232390
6064440
24344576
5523158
17899639
11198176
23491052
29118764
3672802
21858836
5078541
6924073
14879099
6519310
35825184
14550691
4735267
3764958
8261230
7506340
47701744
202994
6993378
1065015
14618249
13521025
1873940
21484824
15373590
14872873
23382118
1671242
7095183
11226485
12320911
1859449
146806
7291559
20506853
3286129
22776113
1302653
2209604
1767955
588202
25070208
60624032
10741603
36824301
3597522
4603566
24394535
19837819
2179694
29373358
29898335
27510308
7145094
3371157
7198421
18372462
30736767
17737738
10415312
10672652
6611943
919490
16317916
16166507
17629480
12306887
192717
5829405
33098118
12792723
13456621
14170221
24161940
31418159
17214529
55596650
5458743
11329451
2864523
2520239
24407559
5490699
39280139
12334948
18037084
30975026
367953
11748429
28534989
11485448
3762060
23290525
27070968
14115402
13945852
2714996
5671508
6933106
76058910
34405548
3627347
17321363
6253942
33408486
16786358
330854
6207380
10808368
9053323
17268337
3603296
5453007
15404680
3672862
19250094
58579709
13380139
3825356
7583
26250847
5920567
12987919
4753694
91091
30100422
21909590
4598493
32452980
4889210
7727448
18598200
17760476
1952216
2583601
15863323
31977880
7722128
10357928
28402846
51376036
7765356
25323839
7314644
63419624
3963241
1021443
10942756
10542070
19227981
3367241
16639402
8248763
24796778
385637
2855303
7783170
8506878
7780944
13293615
5994844
4740340
15966289
2185907
6813993
3012919
4863225
519410
30100591
209613
15446857
89179215
12691924
22613408
1448653
15870696
1210870
24624802
1017055
7267462
523293
21582058
33245277
4696709
22678255
4243501
1909346
169332
2387682
14366929
6422438
12698866
7508116
4434922
10233600
56154649
33894640
15829893
4295465
15264675
6928580
4042367
5932529
13531599
27988333
14143258
21028734
27610191
11790541
2611954
2527821
11024777
4314045
4283881
18026387
290850
23401064
16606750
4533005
6722141
557164
4966107
23334994
10669332
9423409
17930011
10464473
31296892
7522871
16547987
8957894
17709121
9811605
8597774
22387890
6833144
7484393
4318973
12708808
15160736
11208731
6214792
14073634
11845677
20240483
7122794
16698218
28781943
20702826
26152038
26059929
6556088
13446025
8812878
9122961
2138910
35565397
33446156
13988044
15864393
9956463
14660475
5341764
5812228
20053717
3811826
984585
1865630
5083748
1241123
5127498
6121818
222425
10622967
26437103
6762874
5244748
23433915
2789572
2010119
15918122
7529837
8004040
16749553
11493707
804578
5239879
4206364
10194440
24333464
6105737
17663383
39491554
7715490
6245912
7865401
19430001
24885845
30999444
2148091
189357
19055114
2200347
2193512
589597
36326604
2500189
33973131
23658414
12487132
7746293
24438087
5663637
2023095
7940569
13605076
2433438
76363
431820
5679536
14779951
4385097
18904192
3598866
923366
9577503
2374099
1440525
7755910
12806341
8286577
19157488
6678008
6967270
9904887
11968473
23361644
1961120
10570799
1445598
6856987
16163457
1302821
4944824
2280021
16820668
347508
3027683
27746554
12288013
7754663
21959501
3274260
1483349
5634875
4148090
1047503
22236828
6202468
3211507
56369784
221944
3231112
18530627
12135998
13154303
35407703
5535867
16988563
3941813
5257197
27957545
19699991
6064119
6905671
186775
15657348
42616264
5603038
246301
15378539
6121820
17410112
10130915
10812755
11737149
26484227
6478095
9134457
1164965
9349157
6086958
662107
4627535
54758675
4483966
15015828
43569724
21570519
4322025
49132199
18086825
14369284
86406275
34157245
5739110
14074875
11686528
31700877
39060126
43144606
1740280
14651846
16199722
2162903
22035461
10763258
30381989
24794912
11452415
3859519
15304061
22410277
23304058
461866
18620001
308402
12127389
10273026
5561282
6360617
11336176
47849016
14208803
11122662
17837081
77396873
7094904
1155440
21747666
13361370
16578770
34731839
17159716
657720
25461700
28144891
17072520
2771131
5878530
1877593
57728114
5448383
4441304
17344515
10633714
11314558
6360177
129317
14004145
4488371
10157199
16004897
9944725
8025220
10367543
15493830
8521755
21692409
7036331
13703314
31743406
339366
19659040
4888085
21511991
12961454
2653558
10442172
5446266
78375126
58084940
5347146
927558
15130643
41856304
16571345
22788870
3620785
37247435
1226272
15522865
50307801
19655280
26787335
7432660
29965775
49935362
11870693
12689292
10493918
23782807
30353415
13345403
2145765
32164424
8749408
27081080
5136368
21487343
904768
24950860
5972944
13238647
21817700
20420837
9246682
10275232
9130094
21793573
11096636
15159629
1030621
15861987
7005884
4111996
7298876
14448338
4952862
3902606
25836103
16746327
831610
44724156
7320566
11662126
19155758
28764295
16732415
26456884
5333850
15425728
20266100
2318027
6186117
4781207
52461071
36060124
4690874
5247143
8707109
5285864
35285102
952267
24270715
25734007
51266356
31817503
11129015
1041455
1618274
71292330
2252798
8702027
29104439
4064339
7610001
18394858
94920
6376090
3354834
4315690
15500888
4691527
3992737
30405634
462652
6736620
2409478
28758826
44103294
14698445
5958605
6780528
15977354
682292
14763072
2412844
10907705
772922
7190239
68940953
20290182
29372450
19069801
9508470
5804518
20413224
76676282
30551044
19335285
2464942
49394608
9100424
20410652
2293846
22469267
18715200
42485483
28982220
3645938
29629465
9798135
411621
4524546
13861912
9278937
6459759
11039500
14353171
31663268
20016517
24357473
6399307
76997635
39793893
1177126
15349549
22437904
7287619
8885939
454049
12330742
1552481
19719678
64804726
40779883
2616520
6887395
8789904
49336052
2469111
56787311
10105106
506597
6313465
98592727
5450312
5178452
12029932
32512380
1625322
3751433
37755212
7218881
28120289
12901255
19805555
5910950
16315170
3471980
1707085
692939
3701167
12250680
567923
6941666
31525616
861920
30850808
4513808
9060519
17706288
5852004
52140
19145250
34856103
27867644
63923
8641368
25840132
2171525
3762879
11511268
20315928
1220451
18763445
6773263
18818636
956056
10794474
14658988
17295244
38729722
21874949
501139
4425526
17810257
5499786
8606001
44105646
6449835
22971994
14664863
3919548
1216290
7544419
11816847
12608208
30285581
11122101
6899590
1619329
148986
10980724
2919607
5390998
17168527
25233631
18835816
523305
2155354
23789162
5747566
10698295
2935500
17926359
20981811
1673902
2189884
6616667
33078124
5275912
2107124
1594683
14216413
10151013
38498608
14415730
9465252
10452418
10483776
6260246
984906
68457933
26777955
7718310
9089826
402378
6671418
12129948
24380224
17004891
2767464
3913004
56006436
6260465
52039045
9771460
6976797
2983710
3764148
30651808
10161759
8720063
35006830
1335885
17121819
23251709
953013
5433399
1129376
66102411
13256396
17770355
15827181
16320356
21296046
12641593
55538696
9079499
18584630
43822101
2437371
2299732
2636472
41259682
3607997
2812058
34874932
5874403
3470461
7464922
24969034
2477247
27070267
10989733
2609562
10341831
14926799
55928453
31174871
6199626
2848180
21583221
6259072
51125060
21924378
15081087
1555042
6650956
32396596
11884916
5780794
23922699
28766691
19255390
6979790
12085312
670137
22169184
40326898
27722231
1261375
1063443
21564076
17477018
25026215
19006494
1599093
917768
6626270
14008208
21648710
1226380
1171789
15619410
5837898
1217126
11899931
11647718
36993300
9316554
7412403
5197109
11515590
46773871
885356
11956394
35884454
43746037
28584456
17350861
26952948
7691857
4965126
42302648
4275873
15567048
14739740
576005
36861873
15774074
3707951
2356729
22039960
9006889
5612763
18027360
315069
1059880
18681615
19615121
14663875
3625779
46475065
9819770
5026860
16451768
13791569
4108121
3822605
7030440
2667223
17673442
2815742
3939916
23393194
2561749
21348137
14422244
606779
36384592
24171053
20059027
1704822
60254462
7137956
10443214
25494547
13656237
17309518
38769731
4667544
7561772
30029199
15684487
19210215
15666116
36200121
25819228
27202607
7231108
7492885
4079882
3286965
20793370
10108325
51101322
3812431
5357832
22770932
277005
2628595
20552270
10111565
1346439
971470
5553012
29807313
2627390
10838869
24889050
1474166
42881157
6866376
10330747
4805122
11702063
17745250
1089743
22441459
14563451
12077132
4901420
16681534
12223982
161619
10928803
9431027
11158618
9130505
17542885
8848964
8630290
5890558
51214352
7484051
14539455
19771746
18762882
2783650
1019705
3731858
24127583
16279365
3609950
9277677
6662301
51727834
31460929
66953
31040866
2932193
18125895
3077248
3651162
12423163
38520132
19314142
8663333
20979334
14910874
728129
4456836
2632653
17409206
44953758
7791114
7812882
2524169
3514052
20365662
12603020
3441327
13628617
3722873
8540631
16571801
943491
3403305
3607707
3467788
7071232
17748743
23521075
3025988
4626204
20976237
12476720
35689430
41027832
11912894
25517676
18135539
10445464
17932321
8363927
14349286
16481089
10780531
68670141
2200434
9289367
26219628
36844333
6740719
29181861
22809066
10494020
10414194
9722210
34875396
189774
1270191
2459116
2575939
16838258
18724191
25347101
13796385
6598185
1087128
6903194
604347
28840495
58136287
2311865
19915852
10672566
352020
4090432
395295
13935982
17772519
13944484
10837983
12315061
1093629
8130107
2384961
1427882
21320031
7131938
30688796
3086739
4347721
23019985
15890495
2284330
16721663
45731385
1381058
5615322
6798147
6503000
3940550
5489303
97949888
40241209
18862176
15500249
3802125
12688903
10721193
26788878
4040712
10854030
5528484
29529602
16966027
40043214
14860856
2587820
45400664
7085971
23329155
100711938
7056330
2541463
3569380
1878129
4305788
23742575
6078342
42468804
7808400
502867
2212192
5322795
12467355
4848535
32924506
8019537
280066
789587
16858126
7319895
28965009
28783470
33042148
15326832
1805925
14089864
36911261
50791971
2082998
46464
2587391
11328102
1763640
3364698
3240212
21144541
3196180
2632584
1814835
28532205
4074053
1210035
6019003
2251923
18117004
10237707
7647848
2039018
6706796
36843663
30501701
448254
6525028
11852609
1428762
26773933
13825341
21021784
4214828
7283172
42657969
334163
24230633
2441279
8453699
40930705
2902444
10976017
4038365
17919641
11529044
4307927
20478762
10783817
30785061
393623
1663578
23668457
26889866
12893238
14375624
6517640
1039251
14809876
27026032
20860711
8385210
11741458
13430786
16829714
1222651
2874432
19836569
19920964
10126836
7652232
251130
7243626
655149
7776187
16003711
12195123
9499171
266602
9958547
9324482
4862020
7372809
3380003
649918
24920369
4127206
30129146
14678649
12519328
12791389
8170180
11893695
13873688
3783977
20694930
1932512
28245230
15159955
4205361
6673512
11597945
18929891
15312026
3010479
34018613
6273680
30992046
7778016
12591768
4008632
26194067
21400577
14864116
7907517
28384395
7225895
2707200
25256624
7675924
19732951
26449
7052842
5271639
1475262
12472278
10591073
6962723
9676893
5442615
317115
13854238
26736685
11032758
4998230
1689680
1970702
18554183
31397050
25099467
41164638
37146614
8588882
68299554
7636843
9738216
2451865
46289727
52535737
35668881
2127293
12900922
8367087
356688
245056
7588124
8910700
9206609
57783991
18319752
10444295
4434729
3540918
29561269
680996
7860340
6047502
6842963
2187448
18395708
58383836
1374376
180198
10202889
18131581
3729816
2579670
2162701
8209456
8602205
60860347
3483803
4664876
15225097
3540119
12348126
9823422
27380117
4221006
14219022
29241820
2797502
15036736
4197738
21421367
16015671
10659486
8981544
17788209
11997432
14017830
11007454
5197770
9215753
6343530
567627
3765833
30071889
9286859
16330726
21602371
3035668
5158053
22205005
40421448
3380736
40153
2720155
3073536
2982586
26439486
30727836
3781940
11794743
3850131
14267725
8847897
339161
2508427
4406643
9823267
20270868
5977099
12618210
8011957
9434372
7126635
8494057
1846057
29993174
66430275
887900
33964707
13774631
28368310
2079897
18624474
11869301
34459000
15701582
1918921
9225115
36224185
41140579
6419692
9678508
2055603
6772296
71519600
46779158
19426945
7822896
1161086
3690160
5905961
3063665
5609444
15575533
38655948
2791862
10005237
2086807
3435821
9749057
16191565
29412634
14748624
70630942
26877630
5061172
21635334
1854414
22940981
21517672
4612381
4683380
1959312
14909566
12090703
26369279
6515219
2237384
15033427
9632458
12170791
9058952
4984541
17198503
3200368
18482061
1274583
13587246
21248995
22868915
28603024
2777276
7085962
9018657
5127474
10357408
1323558
14414311
5398792
21254243
6592840
425923
9347035
8811162
5682699
859673
7336473
27453883
4786415
9192930
4296693
22528235
1519465
35949518
6783664
8054589
7526240
15634722
987958
5899042
3398587
31754033
14451195
34035915
37839239
5325746
7874146
9748711
5801924
16743756
22603575
40765409
2756081
3159984
16602879
2743579
39085643
16177569
4994397
40677676
12262364
2427673
3347733
5365901
6368791
29490788
3742332
23310571
5153983
28819277
1363384
1863214
11331547
9938073
445652
6686220
15625237
14659627
13742347
996704
1284738
1862948
7209090
8657815
35848337
2334932
6120036
7150121
34068234
30660804
36945073
8314585
566016
8359955
27072719
8208069
16021338
2812910
39828689
8485615
2609324
403440
18886409
1488131
781694
4905667
2752058
1108207
10828602
35361357
9713405
6329449
17421738
448414
30079047
21571397
10794626
3675268
53756845
19278387
32076245
11728545
6597873
9727561
23156604
13959076
28298110
23971697
23825620
10648137
46526513
750001
3341653
6528244
1875015
10708247
3683563
17208066
4639267
11356692
22643692
928398
581726
24020812
23339051
4629403
36704998
111641
2585725
1542874
2180228
18986098
32437682
4609608
899038
5585834
11951360
16064719
12153186
5594769
9236767
6222101
24690636
9251302
7847396
11723100
6738205
14313933
2802902
19211583
10860418
16870616
31203169
5888902
1382246
684114
30484025
7735396
458046
5159883
2791615
1126019
9027971
19825709
10799698
33995049
1970789
31476287
4067974
8733389
1769921
56564578
1664271
3674199
4303468
27824170
802609
7249663
2463425
5515849
40493133
13410624
22902767
4334668
22865954
362446
8488039
49723314
21156821
11105717
6019539
11582602
31038931
2196330
14690172
3385571
5010578
12114386
7284513
32461742
4175659
35288162
6234223
2752802
52477375
11317524
11412945
6646889
3466180
3428217
21413971
16435284
4198863
2896952
2872975
47274529
33244833
1888800
2718692
25491380
4582853
9657605
17372929
20660424
2550117
12619989
52620
10690542
26726656
994743
8096373
3126385
14530889
1309294
5937075
22359435
3062719
26262431
12879646
10595462
29927943
9451310
13812494
3181093
16792594
14989264
1525004
2739388
16235629
5308366
28314091
12265324
70167573
16540625
12957815
9528341
6838820
1837565
1138689
2041302
4966523
8132755
8639540
8992625
11951234
10969227
49092433
7530834
29247585
15702872
14453445
24840100
11347835
8958846
18893018
91672064
27105511
1173096
10134950
5530611
19838194
17768459
4229976
24905559
15671046
7599796
43058815
16511412
6755177
22243775
10306953
2516585
119218
20206156
558364
63421861
21777883
8644679
214709
20767451
1870065
8285367
1832260
12727448
3692012
3279466
9163458
25659128
1770627
14910988
902221
3645578
1759363
14981879
234020
7036420
2336312
45664413
8935579
32836739
1975691
10625608
1319244
30644227
13322080
3083869
23186613
27680243
12059499
9369108
3952041
24706539
42694742
12524509
23614924
5865487
3493048
4328816
92096
5570053
17811330
9767721
3726565
3927245
8569725
12830553
545987
5064271
7628166
11814445
3259742
5092079
20202825
6370174
1415201
10878779
23015302
6876040
14601949
9938214
16192128
18030547
17007827
7254462
10028681
4710558
24815080
11224407
316342
2814642
5188127
25325676
2871324
16846759
17269930
22865920
7069907
28146174
1848467
9129271
2747562
8875354
30317431
55818047
28678419
55306028
6085286
10965846
4472490
89989929
2035793
13472881
952502
3800669
4381767
7664704
13001943
1438906
11236972
19240795
6763368
28834297
10430899
33752319
42897410
10275030
7842237
1502875
51497992
22545848
31227948
31776787
4749477
5422805
2238547
21261118
27102370
38182852
22444689
2877589
20474977
56703503
3231968
5625325
9195033
39568132
40639051
4454371
16258020
11382430
7382487
10888146
6446305
35823821
30204229
9775699
2882277
5096933
39480332
3832886
14729499
4668129
4788364
16106493
7010281
3976425
10701170
8495352
3339193
34017437
6688541
31201389
5449740
21605354
1655628
1068855
24197193
31477867
6370464
1851662
6576472
1501453
3741656
1751729
49274663
11720753
13787692
6078497
10535269
20176749
12044546
42095212
21879841
1249691
11886618
7879717
2095672
5786550
10256195
17761083
21766493
21156659
2814291
32796527
12804295
17861659
3782090
31008054
6033915
11230335
44891973
209906
11222895
24285052
2322339
1655058
42150555
63509564
3941410
6495527
1799624
28532416
5738927
1256150
10596151
5775538
17044008
36972147
7415560
18872016
15036752
9139250
2129597
3086787
119742
624967
4600461
3095537
3799004
22780848
22664588
4917272
33010104
11502107
25120474
15819508
753870
1424500
62287024
19789254
2702802
6346106
13353673
911124
452216
24135335
1159245
15333945
41740468
22090677
3536493
6918013
20694849
4117111
7629231
29118716
4179115
6649666
10366591
19726664
11681931
985072
5988157
22464103
6889064
31247202
1820289
11549657
23996400
15042142
8176700
8044322
5122227
17167028
19806275
33186281
7489085
9116374
1128859
16494419
10728004
18344487
13365392
20198421
14136062
2119659
3386013
20282660
10922870
19505920
7883843
15769239
20306504
23460538
1968566
4072809
13651452
5515224
19187532
2117233
511615
8118066
4931334
2970283
11300305
13270266
1109194
4426720
40624758
3531310
10858479
1114919
35881211
6058786
30288574
10367667
8951813
17999776
9477169
4768553
82786
18736739
364077
20284442
333900
5660487
13017222
971792
3718110
1788931
16772794
16204297
21228825
40446436
36995397
16329822
21834238
83377758
3826925
15112220
3107579
55653881
59713177
2928426
14924898
4686593
19764242
12547141
260702
3272472
2055095
16913483
18521370
21667494
7355425
26821242
30321451
6582199
3637063
1538856
22543960
6877656
5499171
3966208
41072985
9503240
27767967
1474091
2621330
18742695
11752961
10119755
46131741
9958973
3259539
1130110
17560851
31930167
10540314
2821915
10357691
2201738
44741716
2398807
229969
18898126
12961797
4987259
8215141
19899346
22062315
5064133
6770388
1053337
7234581
1237298
2123341
8137780
7277883
28269099
47271078
15988119
1634799
956220
6413231
30503148
30074019
11374690
7609305
3895099
5390128
18677806
20056852
4745623
35442535
7706494
18660815
16944127
2485905
29550964
3833618
2817907
13892436
2417306
33349215
7129303
817224
23254841
19215723
40853448
8135226
1888556
26157588
2391535
5936848
4110173
3923745
9104919
41531868
8447773
12341829
32676114
7735874
16346862
31528754
27090
76013628
12374379
2139747
58163774
17861128
30936707
6061500
30295955
1346396
7978587
5138578
64111307
15986473
10300561
47777489
8964087
63915973
17275819
2245
9939079
7114999
10637191
2139319
13306740
515962
1916945
2518950
7129618
12519921
45410251
13864639
10328591
13911781
2384711
22614586
12940874
4442625
3276139
4562562
10983779
24324588
31358541
8246783
6035857
19604507
10313424
1428479
20180655
3523725
565231
4345794
36257158
4860458
4459796
17477980
5384698
4190347
3000435
3160915
7596279
41479358
5138269
54801144
11193535
17080353
51167002
10882724
30887337
9067262
35841409
38290941
4807880
19524460
20633827
4138003
145845
4787525
17996350
88899
27268344
15373815
14492266
6913501
14468204
35002702
69340
1893466
6076614
1846602
54289624
5638300
7730079
14105256
38373400
15528062
86601060
3494102
5718238
1404634
40747326
32038130
20865223
7545190
33249355
5311811
6764804
5233734
8220124
1679604
3868874
2443700
13377517
759168
2958601
11743947
17768533
26684132
19893697
14002276
12072738
36169927
11460699
33565571
15784060
4861659
66470266
11604589
11337665
4678454
20401571
592701
36895138
25082427
1603369
8720000
9597719
8579374
9339003
6721350
8173939
36592356
27897269
6490811
15414353
24761963
12021272
26964143
13262585
295070
11625553
7143668
11743823
2533239
30737116
20707821
24381445
5580882
2059208
31164623
49402900
16754779
7022377
9947682
4447642
1966247
9526339
14380208
22137032
25691904
20013905
44705169
8590301
7512941
33407121
4203223
14859031
16562548
38117661
10103528
2717716
51728317
6311940
4561198
6883405
10324664
15858861
23008302
3460553
33217006
13083253
17335023
6363747
43331832
3435332
3959485
3537911
6575970
15389306
1981715
4227711
2121328
14754534
6350167
269236
13755163
7260851
15738558
9859448
7781406
14300305
15596136
25578900
36529615
10767442
671056
1763310
8604677
3913428
989074
3405553
6997349
32873
9533598
427573
7063795
6935305
32633885
25878950
7286969
4946396
15528616
19539161
9483343
46184385
270298
352365
12895630
100553910
21291540
1028590
14598113
14933118
35961829
61693906
2208893
11770020
129561
31586701
4665956
76023047
16025123
861065
1629259
19092794
14005788
8214388
10651623
5846323
111326601
4914320
30996970
16556233
6026454
10064777
29728785
51058199
17809045
15971877
24960139
21247969
5301986
27310705
104530
6614326
1238453
1766531
17794797
19086014
28654687
3176734
17308314
33125464
25569308
9665236
8245402
7307582
21308718
23713587
17689644
1445368
1730172
1212490
11164573
4178458
7526685
8435996
1544751
12535768
6717987
1115757
1951789
974638
8213711
5899706
29926439
18291897
6833442
5187285
18588324
6940129
7652880
10032550
10032508
30534432
11827080
2195378
24236879
62762210
9921901
219828
24653240
3082082
9045056
218645
8773934
504538
14316433
61844882
18284572
17001983
15100814
1927475
8876058
704426
7981777
12625102
25533166
11639805
21492398
2408790
19067697
4850556
41023402
19334094
8625979
16993764
2623560
12413689
30632073
3797995
23023615
22994433
36934237
11360880
14107732
58704135
15724610
63553583
584164
1023279
5810798
4324844
6478247
3245769
6109560
8166799
2485991
24955603
2850725
7318530
2061504
49820916
1477359
19872864
27762449
37154793
16379592
24150573
41651475
33406945
9150238
37236683
1566434
4893992
30200144
34805075
16768659
2932280
7549983
39156375
5974866
44498338
3912237
11768138
2054300
5775700
2758753
8396879
33835574
18440684
21518526
3198481
11029611
22604149
1872127
4644735
5204317
11329169
6558089
24393022
9156263
19514860
4427437
17040937
35927625
12503179
24999864
5151447
16732891
10266638
4533425
28453855
9436992
14080150
936574
30064388
23668807
1677837
8496988
12725823
18927369
7706167
31132612
2290941
2606753
28294386
3249250
4773995
12044480
3034515
7466703
26268466
12108050
4064045
8122725
31292288
8530859
9464194
16968264
576179
23077351
26987582
6136588
11253422
15822044
40966689
19195028
9285299
23575944
27071400
5401824
1153831
5648471
13189142
22387874
18833561
14029622
29256418
1803159
1090317
20066290
2130917
18746887
11337375
1166101
30906591
18605572
67553715
15961514
15619708
18475540
2608003
739101
7445172
6243337
11177080
7859350
15095009
19396987
9868028
21322606
71722990
1587135
334644
2281975
40062504
5982926
45170638
18120114
1389985
3636020
11388848
10690041
8641626
1022573
7597152
3663120
47656205
3676586
14256746
8422520
4632135
6414140
9633177
2454521
2576407
22514292
8527888
17910218
20521401
9766919
7867803
1419475
6294910
501386
18152849
5379543
13393741
38080168
1965237
8543611
4796207
3965397
39096438
5395775
3756544
58869046
9455925
7320818
1059212
10958690
2681231
35640824
17969260
11507520
26450383
2523105
3041499
3681188
1641072
8089707
12560626
38980106
6762268
12185681
4431490
6862680
2917541
19355054
29828581
30052579
22240116
1321355
11620230
8084771
1013820
8402105
5419891
4390716
10182236
926535
9219272
11229143
10509977
11584604
19138443
258992
14965405
15756556
47494450
32035794
6636093
15101336
3717592
6755202
11145807
26864955
15780223
69468395
3373906
15949688
19053294
4341357
9585338
1786075
22251505
3086070
1602571
2196455
13626054
12018810
21266059
21787852
11389610
13476892
8546632
1370614
66924670
31019614
5708942
7516160
6214183
15574415
30581396
6707011
5374728
20434133
9351465
49443943
3366399
14680489
10998337
35583927
7589770
8189309
5044594
15330306
13252101
6124343
36754797
6016761
22952104
26678852
12298445
25648423
350053
7205818
9645806
39372042
1984961
6512070
645813
19098895
3295922
8418579
2056095
881556
22298312
1775602
31448126
6792588
1706804
1101594
4576271
7187698
6973101
21200991
1884440
33359532
3274414
278316
18583749
25105583
18049
13970911
41382035
29892771
62770404
5223905
8235800
20635161
3562366
44354976
3053935
42762824
9679695
30885368
1582096
4832411
9844528
5846549
2657859
2973830
9387884
3790864
9286679
120056
1732671
26755316
16984749
12271135
8401512
18111530
5399061
2709300
1908227
3491887
1489607
3969386
14724579
7864598
9902064
7974309
4341994
6326657
24555497
6331436
31243260
8535715
8203636
16767921
9607448
21749696
7987838
14296053
13659099
25653133
1018225
5714212
5291280
5122348
171937
22280045
3229472
15420950
30640775
423051
20448388
20767631
10340245
4735943
808115
17562654
3098863
16323221
55334491
33634998
1247468
6983984
4748378
32770163
5323843
23587249
50869388
27454077
4332972
7815182
15797997
203132
2804042
42386453
5942967
6275016
10520998
11312427
23310509
227282
44113943
12111898
14516124
6155645
1140347
5376219
6565195
12678620
23743535
21112702
2715185
1589576
22639385
6150862
11311568
5905062
4694923
17304123
20289898
37408559
12014053
12534455
4887103
19336474
11828743
17842202
6619643
15062579
5506691
12476629
6897293
5409055
2242964
16073302
3650976
61872247
7797598
3316417
44160417
20329655
7588919
14496486
11480836
4027658
11019198
9153844
17246891
22061705
22104845
6141261
14846587
14984536
4572052
4179635
46487174
9729806
8458551
21944733
23707108
18886239
894204
1133930
126246
26097846
20427282
2063041
28107226
5201371
39176652
24672646
8071941
21399454
12721072
5944779
24009442
13555991
3565456
9342100
135953
11463213
2336587
4126178
9901233
27424795
3631903
15958290
24872518
25279005
19373100
15228496
16284717
22949099
16850714
28571130
6214789
5862356
5481290
2993218
5671062
20957840
12125681
5868065
43687374
24340290
10101759
2352698
11548344
17953361
16295648
983785
9588371
3847164
4941270
29587246
5033022
9291019
4026191
23849883
9600573
7457019
1779246
42665212
11841418
24005694
2615954
984822
31060247
16472584
13156527
18088637
15242244
8517900
295470
10359227
21513606
5039780
9534221
4264732
33335799
20719261
12143610
4589341
15643053
7444714
3861115
27976070
32166837
23921158
91411229
1328893
4128259
9138194
3269187
4491144
3566951
12762468
1875521
3311375
85392803
24637582
51496267
27003067
12960701
10554146
111154
3357402
83870
2560127
447753
11543269
2831208
6641330
43439370
43558950
7842589
19166630
20720011
1511967
9522167
984573
5634282
2841673
46066842
19754815
14804188
24508576
12448119
5006040
2593304
2739912
9913976
23851688
40584088
6784635
1757468
498739
3314922
2794664
7099613
16249818
708305
18596166
453420
6072200
3102755
10188068
17294271
17563930
5216181
3870639
14288274
2939876
15341173
5379194
7536830
63615
24797735
6604699
24002682
18677555
6046609
13397607
10475782
605520
47203033
8748987
2138043
7362351
3511254
11921600
12798481
1047056
6660946
10884569
34580896
1664873
15261273
8673501
3358919
7816257
17802703
150279
30510426
65156381
10220561
12623609
40082626
4750323
2170634
1106942
2177676
1832835
67240929
4602445
768852
18166181
6974846
14924034
1375896
4076351
755354
12401964
23677385
56654812
6371303
10841023
39558867
5527186
27866803
15929868
20569251
3596068
8316410
10985259
11351264
2619477
4158476
13402537
4442717
17888477
8085948
6260762
4442146
18612835
15485669
14066249
29736616
7705432
17028679
3783640
8198848
1900021
9685931
11547922
23522865
18418682
285241
5020601
1247432
3340867
11639874
3536712
16982817
454751
13243471
19371302
3735749
4768762
22138266
16698
18703934
39840684
36068361
827197
7051606
1004095
8710822
21282993
1785471
2957396
3496626
11255768
40724168
2068442
10727498
32555443
2625697
1461613
1730713
14046276
13539718
5117304
15332170
18828999
26216374
2442371
2948064
26522423
2364225
18462992
4754716
3034178
28476281
5969596
41811390
7933139
53740592
12341982
13583150
14074906
756575
72343918
12477339
6735605
18249839
15481865
3858013
2262863
86261954
3013303
12863548
9824167
16268676
4034946
20110656
2759002
2096013
3421204
874425
36720101
86855
74597114
4252067
31898224
5481742
5201756
26341217
108988107
13034202
30281281
23008244
85426
35823451
5755730
3303904
4282061
11258536
35150541
6130821
7625025
5416323
17408279
938919
9087337
72358887
10570623
31009366
20985878
618752
10113028
38716831
14489610
14473046
1213165
4138430
3606761
4927471
59349296
4368222
15354265
6398407
2093443
19826507
30321006
12070290
4929391
22853247
12550960
31751660
26087523
6688919
813417
8955357
2543830
11011877
13701298
12295579
28022768
14448917
3724023
12174704
4975779
1583285
13922498
3418772
19240045
45785248
30209642
450747
37490428
14012443
19611110
49588133
27044846
26749151
35810699
6224908
11717318
42938807
36462578
3357081
12214142
16880574
27855949
4456505
5541524
11660497
22690955
20300813
15519413
35006297
12496226
15629536
8880691
2879695
65048128
3112038
1822123
4717877
21346419
1729091
7189255
16265740
5422517
28684993
6039583
5792799
7187005
4680697
10672296
11373563
37630850
38423551
5157637
11910090
2334058
63823518
10303879
5191080
22030524
39739138
4762241
6100912
5778014
2493965
680914
3284223
42280398
7622342
6222417
2618683
12839961
629887
2935375
40569063
10009725
2817341
1160621
7860072
55676357
7986433
45159892
1972880
9365525
66106435
13354541
25681614
26367943
2798500
221982
48706290
1115854
32104811
4529352
35435037
19106862
17657477
6411633
2493678
51105176
638933
24774615
27430174
36198005
4740924
9269122
30687131
21089817
4952286
4427188
6520614
10084765
948627
446045
22580249
17664100
69599
9042636
2598339
2699708
1659659
8641054
14340267
21525354
16665578
31355661
1838123
11978361
12070129
4140437
14990068
33505506
8528805
1649192
17531277
27195148
4888510
8363280
17700011
1441123
9290940
7258627
9321605
7652535
2766281
7926254
5676323
2400954
5110125
5307487
12837923
4421822
16407634
20960325
42338869
9860892
6453120
736580
22387866
12810122
2835376
9973368
1135360
4813478
30778268
8065033
20452319
13967033
23589714
47668257
7590221
20161846
3269178
12834493
23524597
2832859
1501931
40968250
488952
9118035
12116671
40801886
22219079
3703353
16606500
12851095
10905635
8828738
7401208
1611072
22829218
2576583
10176338
31884033
20760609
43384303
4612748
90596
537956
620674
1055009
36723936
2057126
23602119
21174763
3595144
19103341
2050941
12639914
19363846
45359055
2756451
14547291
13364606
2639153
15893384
24118571
12046811
14124167
25716325
2374768
8325052
22366106
3149802
4950435
1402577
35331652
1628037
5784771
4469496
17566075
1277698
5797478
7250295
29772266
38430997
1294170
8517279
17352575
2385318
39043272
22273494
1107038
476024
1237578
112127
4903284
10530328
33969636
7635649
2517127
12676694
11702008
11875718
12175773
2872086
6693289
5590576
8139876
3450597
13959322
23740942
11425539
27287756
55854359
4108987
2075694
2358321
7186637
8367034
22565348
21622115
19262142
1526997
4346996
14791560
2509260
1153534
5415857
2134086
11604883
218053
3330970
35809739
8189354
4675700
6086506
14312114
5781465
18583515
46043579
5877495
5952740
15829352
10378618
8197592
56641
3464476
9793419
26120504
2531740
20867550
3574832
4173648
5479459
14124442
5479497
3982223
18207624
5721377
19622624
26450520
7072637
15294028
17029527
38103014
811889
39492934
18909842
11303152
1392933
24310298
19437164
7086458
7113620
24861470
56357
11090307
8743376
12894371
34824906
20192985
10704913
9397122
60526940
11955885
7222853
7298265
4114931
886867
517771
8316173
5208382
276967
13704071
2042960
6544881
32266029
30855300
24296789
4272611
1808152
22682996
6230618
10062832
4543593
15150442
1559884
3754400
33195759
1424008
14876192
8036458
633143
3957493
340152
3819550
40768288
1534866
2302227
21440178
27364519
21493991
4643153
4387076
189352
1867920
3003689
45746841
4277104
10658008
26442289
2341444
4870766
10326545
80721802
19225959
18823576
15161816
9291148
11395489
32473688
14156138
10858886
12801806
7096483
7695820
12205139
3107243
83706119
40170985
208934
52003892
3121052
25449850
39707530
44101649
5345907
21973518
4696827
6792075
1536573
6702999
207992
8561522
11712236
2808839
9865318
35085766
16561399
361346
24654660
7177828
38250174
10434989
9565474
11861573
11017405
20293454
583216
7006936
8970728
6270328
5607144
15858531
14932555
5506396
15093248
740934
1260360
511119
4451103
7147179
8948886
10419505
2423945
6024851
25964389
42408108
14711049
10534193
15864224
1131023
10974236
6413513
19372997
30218876
8906397
275827
25833266
516547
3690940
1170728
28479391
6709868
21664992
9160839
81032
5553611
11656024
5320839
13048939
504682
8894830
14879213
4020090
21345831
72691591
47724055
911678
10080806
2712318
2019565
5031819
6991432
25228963
5008906
2154021
26600684
23942927
35159953
372568
949890
8022683
7052149
2034912
2806822
16560468
445064
15295566
14805933
4239382
13603241
611746
30420310
14913580
1269041
25411461
36374171
4521178
3805092
29192772
1671791
562805
7399718
5101264
41261315
19389009
3496595
18700735
33446304
18792809
1589090
9150389
7349559
33846110
27125716
13604516
13276474
7290159
3955466
26811567
6268495
3283420
8470821
17183359
2723316
20741493
2159340
23744902
14856026
22957754
11022135
10175187
6081862
13172815
37017830
7670685
18630807
4486720
1295859
24177699
17817802
97091097
4683755
6771455
17524337
2009437
12879794
4086282
21434305
2425339
20012091
3500608
29749249
22859279
3679979
863782
3243727
680663
37682020
57319725
8245580
13931027
33221179
15685624
24506178
859985
4165286
896025
2855625
8392487
1813183
7477577
10680018
7410791
7413066
9247368
3142743
6875043
7219888
14662977
2666949
4503386
11317360
18255321
12323198
9368779
1484736
9082867
37297404
5913813
10515104
17849234
2443701
23005134
1648751
4059070
7492551
14017246
4497290
3006371
8840437
6508491
12259324
9856666
14178314
21791523
19073235
29807738
24135285
7516051
811478
7016471
5722484
496085
52144148
2051096
3111794
15111482
28461702
53622096
3693915
31951404
780837
33328860
2036649
18947762
137193
4709086
19750930
22633562
8708280
86528561
16291350
43021824
8509793
23238785
1431027
6059853
2221355
21775830
6664284
16306310
2104132
28369805
2723858
34675107
2404639
13184316
6210595
7272168
1597368
3327601
34789538
1920088
8259668
113388292
32588839
2614428
21582174
20869221
43039365
8482470
22039299
3191028
474262
1271492
11118310
27401686
6192600
3409818
1890150
13688475
14229670
1394279
22464469
4817833
18348891
23962313
761679
11955195
1344541
5642039
37385260
6090771
965411
17802325
6374528
6847421
4075803
25174169
10412676
4930370
17477053
6428071
254902
3311491
16182172
762948
3775112
3528257
23750590
18567722
48119877
1825898
13695382
11668514
13010252
31564374
3179336
18364375
11172681
6227368
27888507
22306194
9115141
11117482
2446959
20544050
2666688
35017752
65171771
13336945
2864806
19888723
35683372
4483071
8268052
31017648
8623835
10094706
25646821
2415934
10724602
158299
17862504
1845944
2596
7848582
1572255
5223103
1899809
18351166
5311919
2188166
45176061
16170550
25007001
19554956
6347171
16467817
862349
13306085
8903703
21306400
12194072
6618580
29734354
3527982
2661837
12299908
27832494
4120317
2040113
3744320
25551376
3436891
14263820
11262008
29435120
5271931
9897092
26095406
22546050
8482096
26758468
1325962
2534298
19759869
5422065
2313833
15566164
15505738
6521010
5101237
4130427
4456811
4888673
16175939
8868836
30711902
8107405
8512627
1986694
5552526
4559569
1069264
1284726
8801244
3423867
60963613
2513070
38309265
3374393
962068
4872433
12215741
4634784
17468867
412548
691582
11172605
2742712
6453106
3574535
24081658
23098636
24666542
19424172
10374436
27123352
3470800
22649338
3564956
6804351
5153125
14535986
2783615
31028506
11650668
432134
12001600
21173958
9608213
16074479
26253233
23336346
17825198
22769603
10221874
6806867
11227218
20709971
42843884
133306299
12357938
6460592
4648947
7960760
377584
5137988
13199026
1612412
14787576
2043927
25266519
5477549
30777285
2952206
8054006
14029884
5908823
3113370
17388831
38761501
2470618
11969595
3446833
17077994
46233975
12314644
8388814
2292747
11078189
14881469
20252591
11053662
7817353
12505115
11856048
15472588
2040579
7128454
3804270
22382913
15797833
3209947
6555807
83239667
14914100
20137314
10270940
13471295
19987026
17512649
41207418
3603506
6927514
7608404
7258423
18406843
7695459
10748275
26460335
455166
2703254
956003
3493015
19346085
1536997
909304
18976212
38303840
2175011
6354498
42879840
8796345
28801734
53116139
18749057
26308156
12041866
11669457
4140660
2751155
25927399
4325458
2285807
18429174
2624338
8661292
9552230
21258271
21751267
15253648
9612359
5735891
15081749
22187877
6621159
9860536
3118172
1215524
4571566
1341741
367065
1715462
9103598
18148345
4814538
27766656
27778499
1399522
19728164
9391298
17959963
14665628
25615954
2321679
10015503
5196716
17309081
61543058
40638755
38522593
6602075
9052217
4824324
1944911
11158987
5409638
7621763
5822886
5325207
44235090
1968056
7104091
9164728
32230852
4760882
6295768
40910635
13965009
7680048
14919109
3094323
15880449
12622195
4826474
33684642
3933435
9283876
11756991
20620389
10485271
6276967
1067903
4610019
681128
11819968
10802282
27492528
17031602
4646740
14988925
10975643
10098670
33485708
38072175
12393353
17437563
6228991
6579432
11172843
2034318
6134521
4109238
851125
13254046
18254479
1766846
10707312
3180294
12811150
30840073
9399841
8485451
6916885
410892
17568639
36471278
4859964
6825960
8548278
3565986
3735991
14397725
762110
110379
21778503
9142402
1078221
893145
7047868
7673300
47616379
54136864
48054784
15659614
46005407
12455022
48727667
1856497
2826342
25016108
35984495
7244052
33369839
2579530
5799733
2951350
13861516
1003300
7332961
3745043
178704
9415063
35154
22690645
47570926
10582511
18488480
22830208
10964804
15349921
16321880
22843714
4403568
26335583
2985664
15300787
2399960
1515496
3116895
10564348
2200574
9280040
5568774
8091243
6206160
14528293
15962694
16333473
1850800
415387
1099915
1013095
9582361
26782901
836666
55219470
29022411
45370730
732384
17853337
44686200
13848460
6187680
17487322
1241336
7481924
6033772
25705444
4348783
49683716
1977649
5204634
741745
35223646
27765010
4630630
22747295
6971638
8419833
25126095
3453322
4656520
55269325
4967531
17602924
29260294
9124493
11176854
3150178
34173391
9091298
273578
43326421
2683390
25035573
13587759
29922727
5968259
757918
852527
14051769
17428204
4315290
1413846
17111869
325578
11464926
7498082
5181852
4006412
32032228
7142658
8837996
23767213
25247727
1004617
904910
16705695
2490196
2174266
26640630
15123699
1037766
921398
5605730
1806531
719322
9349976
2175548
17328861
39218160
11592573
11631618
24245779
11750299
18214305
14248477
19162590
18041854
27096263
19367949
1445438
19867071
16660836
41860203
50004474
93368704
343594
13210919
8775839
2723448
25078927
9165059
8877657
6030854
1901775
31418971
18428332
17502172
639374
44268995
11716308
25422631
11783085
4801364
4594945
2419560
12565687
21794399
6954369
23811100
2015864
13144226
13256962
313931
9915002
26426461
26601381
1966187
43110749
2647070
341501
7609045
22180679
3430615
33793694
19771643
2015173
696989
20489686
45556602
12386503
15574776
6624900
10922248
26200050
1321893
10978112
28998464
9626528
6800993
2324572
6579802
9032753
34673800
10894146
11165739
26947361
2710674
79117900
14233968
6264770
7896925
69433472
3365423
3084753
488073
25927028
57493326
4897837
23824247
2653853
2601667
3319386
6278833
19891446
25058329
10934544
1517406
11349062
17927020
32953757
28002897
21368444
8168993
36856686
11164625
8416772
5307872
8341099
8405701
32961974
15611909
3717373
7787975
20486425
5167918
1347386
2602520
4724351
8345713
29771084
20102807
3704040
17285407
12424322
1547417
5717131
6163583
7043535
32780167
13910730
21995878
3130808
23710718
13433662
7889982
20138246
22075260
607482
15377831
1326346
15230638
15675910
3744997
13082802
3755312
7848707
7325129
18457592
54705522
26004398
39740730
22245184
11829791
9756945
19965960
37311609
55178787
27882900
866896
19982339
9442559
9285177
60893819
15265967
21557184
5730585
7842657
9951888
34019435
16893535
3634455
16751753
8643336
28792149
9286886
6506170
9232335
508861
12502996
4763496
18367601
14674313
18188153
7084494
27632124
21069950
459916
24305103
19849644
27327270
2829316
5886786
12871214
13645798
43002782
4103884
30639056
57078181
839092
2152785
32635731
10751936
7063552
254675
18411900
12443360
14805220
305103
44451028
11837681
8739769
2408609
21937249
11624166
7326366
695799
22169672
23388871
5281382
5864994
4452421
3562510
43494554
8412384
4652012
550274
53628489
8839616
9194801
17252348
20910272
3671664
3478112
21080438
2271251
356674
25440849
3482508
15878990
30404528
34818848
8178035
3242421
27196506
14588683
28354595
15985842
1907243
4996491
3108259
1720766
10410891
4501945
10800601
13091376
16106609
17363284
7121723
521200
311343
24655012
17186468
3257813
2534792
22016539
6359859
19409246
7393897
19197436
17456950
168966
475985
31705211
1510441
2131398
19317859
4382351
16030193
11340191
59167477
23694069
17410830
8065905
281209
752922
4718206
24297131
50788938
2278835
2723453
5473255
14866056
15060041
38881016
1501446
4879116
1051230
15807096
2445792
16547689
1712518
15566489
4593083
37174079
10795020
2372929
994294
17726708
120259133
16555880
6550285
25681376
2122135
12258068
18895411
13251152
160231
19490920
5144393
33505631
4337828
9462214
548162
7203988
17519291
4363316
32852614
49868
1939096
4613089
24936686
19431949
12145197
12610194
554190
30375620
2075206
3350766
50899616
2716993
27413351
8091873
13998665
774160
9007094
3799901
1287471
9941112
7792721
1184407
24371577
31524720
2221685
26734563
1767196
17496175
3320414
4463457
1997797
257174
3065472
10444059
21063584
19222
38334106
17651059
34099987
13874503
7741146
10602540
27324970
32892631
40720391
13351803
4145719
6712637
20229204
13486992
31774201
10358933
10675062
2033418
6826991
12906605
1185644
3232742
8209462
21137500
2636694
14519619
26794137
10780166
7252343
2120915
18145542
30108369
1224264
14561405
9111281
23550108
13285010
9768271
40812089
348726
4611861
22482472
103383437
19684013
13244898
3871251
18465508
2788269
21166890
13710702
40864695
2959488
43408487
17764164
15920775
6938092
759177
8717385
26133989
77254876
4308204
8865469
11191544
9118175
14658890
50933011
5917923
13542657
6879091
22895325
29898538
30640351
4617961
2563096
4243960
47805286
8510658
2579611
7492823
3499758
47075404
13963325
3794231
28442244
12981503
4730321
6765066
13964068
892224
1732370
7417623
5530769
9303610
6705234
370001
7587003
12651612
12469972
1697129
12064396
45561079
24489864
7397870
4464587
32440909
24862383
38302145
6548257
11639189
20060109
7514507
1075141
8019745
37532974
11398088
11522444
2586908
7799015
3092893
23152425
729276
4557532
7207716
35967642
29276964
37548761
501542
1596505
21027609
8168289
70614574
4057370
507390
24543960
12713518
3700703
6496634
1715863
5473114
327702
4153071
14896372
22635555
29222186
7824613
11407185
8752813
9770404
4960736
8815654
36273071
6224238
18129263
59224408
2288267
501396
2839853
4841993
1753758
529580
778270
13573005
21678844
38421109
35031137
9283802
39489884
20891410
6679559
10784714
7126573
17304148
18357960
20449348
15226371
20760912
7759464
21258104
11258174
21904654
1622526
15187576
31874239
10796212
166561
44500144
14347437
16913961
3349435
20574379
7519610
3947871
19464441
12599059
2379410
9918533
7435849
10557460
19728059
2852704
443485
10151564
2592044
22203584
16563039
44501080
31170473
6382637
8631554
18392158
14342943
3016882
6461795
11749933
23912236
8417780
4546877
5521503
7894559
9318771
6062063
2777509
23011461
4644333
36890341
4565826
1228783
20293845
41500620
27941815
14711893
11552307
20641678
1663163
9832343
21277793
62329353
10563208
35922961
1721517
3457662
4180023
10153319
623326
1832759
33145851
2999694
2783563
42102073
41610
5556082
42197781
184822
9576737
52947675
22693791
31201875
33195513
6503413
20097289
3506597
5115462
1582960
8094560
10183723
1132346
2455775
6343982
6968161
1996814
1247680
2912933
3885985
2616498
4625817
75430156
4646535
17760005
15238596
915004
1952133
23749818
14511166
9991592
51130104
1398732
12201634
1574174
11003315
133259426
1917407
13293585
8656782
1042416
23536056
6600872
27234719
23864072
923525
4427303
13020432
20980568
14430257
3560216
3626525
12124842
5324844
15299722
1096350
1763249
6511737
18652617
34424675
2716885
3788981
13717690
30833580
9918159
16359787
15469
10728208
11006920
4617137
44650388
49711002
1769927
12668628
12080008
18076487
37258637
33560483
2980279
5540721
15780455
16026367
15860314
9287076
17243386
23788743
42747266
350881
19081727
3256589
13839753
3180618
4906012
19064285
25112751
4885656
10850944
2366810
42946601
6856265
9413521
5499730
40143115
7297041
14010697
1570775
17263658
4779760
22136231
128746
45241844
30346987
6802014
54956339
1986107
66810922
14553998
5471520
6487071
4414510
3623840
23413481
1460933
23225840
5069453
16379336
29069595
954929
23921075
29305307
4204845
7239615
55558634
18375056
11794592
12750980
9888874
308391
1843986
12687510
17748629
435202
2933961
6842090
4675885
49160034
2997976
20951022
13345601
26272887
24442910
11115283
14539259
6174075
36222198
9605401
40572839
1952942
11148443
8661968
921980
34611394
2578859
9568895
2838966
21492881
12432876
7912437
5804325
354981
949397
4740907
18989642
6020484
36368583
4337474
14851269
2974598
27895512
9790520
5981964
720312
8202335
25056093
8005446
19329338
795611
12484266
4492672
19424409
19544019
19051309
46740631
20530350
4958755
2282578
7171733
23545937
14291171
7118785
5853415
12954203
49607977
612007
309137
9200271
58218152
8706096
35262795
6935170
13708582
5909322
7875466
9404764
18677790
748776
16941581
4960813
20992712
1459695
6089976
63443519
5752028
28571765
14819150
15264479
2800753
47998840
1624235
39251524
21685864
8849131
65232815
6914961
6690641
1234049
13307768
270478
22035551
63539430
1543046
36533373
5581175
2947864
12122217
16938937
45556457
45109505
13354404
6198206
27549888
17435745
11820807
3551317
30386049
528755
23272124
13170536
7308205
6861844
7957956
27811644
13776201
1692729
1537681
3767149
28315069
63187121
1586497
62786219
31317588
11587173
1820523
12736306
20299486
18761561
13917441
12023220
9598847
9985269
14298236
21892452
4461003
10279378
13571828
8930420
599033
4623619
12131238
9095228
10617985
32642213
11246889
8462392
65494741
4530611
19613118
4927740
62509123
16974550
21300677
28898179
5658853
2371850
26863300
1968176
17278662
7479568
36789273
45133721
1378486
18364116
47044766
15091184
203063
9966030
6584560
6422658
3347042
21812087
7236111
9056602
337662
9337337
5804982
3568346
38410185
4671609
40426783
39537097
1065365
4288146
31514839
28737459
11290650
21655539
9055353
--------------------------------------------------------
Der Durchschnitt liegt bei: 14022536,437800

--------------------------------------------------------